    unsorted:	 0.004651886720 0.005844019217 0.07787415262 0.08893262250 0.04415097607 0.4437900715 3.127233110 21.31027737 31.11151461 500.4170651 507.7983148 481.5438909 545.2202541 572.8620870 610.2912545 630.4275072 420.9396886 444.1237581 673.1103034 755.3930616 762.2327775 251.3206594 171.0497831 828.8750608 909.9102231 967.0897453 1102.803325 1181.759550 1318.931484 1482.539698 1500.588655 1526.975701 1680.520698 1767.221647 2179.170931 2268.584142 2434.034200 2952.078402 3941.814970 4589.514814 4850.305215 5034.849148 5512.800699 5742.862177 6479.019123 7256.358045 8806.580439 10256.20572 11435.86928 14584.32597 19962.65098 22538.74834 28608.25460 37233.41357 42312.49968 60361.38630 81714.49532
      sorted:	 0.004651886720 0.005844019217 0.04415097607 0.07787415262 0.08893262250 0.4437900715 3.127233110 21.31027737 31.11151461 171.0497831 251.3206594 420.9396886 444.1237581 481.5438909 500.4170651 507.7983148 545.2202541 572.8620870 610.2912545 630.4275072 673.1103034 755.3930616 762.2327775 828.8750608 909.9102231 967.0897453 1102.803325 1181.759550 1318.931484 1482.539698 1500.588655 1526.975701 1680.520698 1767.221647 2179.170931 2268.584142 2434.034200 2952.078402 3941.814970 4589.514814 4850.305215 5034.849148 5512.800699 5742.862177 6479.019123 7256.358045 8806.580439 10256.20572 11435.86928 14584.32597 19962.65098 22538.74834 28608.25460 37233.41357 42312.49968 60361.38630 81714.49532
