    unsorted:	 0.01736035552 0.01512712855 0.004564065037 0.01177816379 0.1088730988 0.08622077336 0.4908192602 2.128333542 62.99107813 51.73797414 86.37516775 518.9428060 496.4659306 544.7062961 478.1404199 452.1132405 588.9765038 624.5715755 384.2506366 668.3245888 702.0499155 736.9319274 755.8351282 776.3387196 785.2666787 227.0671806 868.9059851 963.3375845 1019.060719 1199.699299 1223.317246 1419.971215 1521.259660 1705.492422 1880.183137 2345.669975 2483.241438 2562.016861 3042.040002 4441.141618 4580.240099 4988.202950 5544.540269 5948.871068 6695.753153 7652.445513 9220.034044 9619.727518 11693.28777 14160.92814 16077.14991 23772.63455 30331.88653 41327.56638 42337.27189 65554.51782 86862.11772
      sorted:	 0.004564065037 0.01177816379 0.01512712855 0.01736035552 0.08622077336 0.1088730988 0.4908192602 2.128333542 51.73797414 62.99107813 86.37516775 227.0671806 384.2506366 452.1132405 478.1404199 496.4659306 518.9428060 544.7062961 588.9765038 624.5715755 668.3245888 702.0499155 736.9319274 755.8351282 776.3387196 785.2666787 868.9059851 963.3375845 1019.060719 1199.699299 1223.317246 1419.971215 1521.259660 1705.492422 1880.183137 2345.669975 2483.241438 2562.016861 3042.040002 4441.141618 4580.240099 4988.202950 5544.540269 5948.871068 6695.753153 7652.445513 9220.034044 9619.727518 11693.28777 14160.92814 16077.14991 23772.63455 30331.88653 41327.56638 42337.27189 65554.51782 86862.11772
