    unsorted:	 0.07815693567 0.07837753571 0.07264992626 0.06737261124 0.02319318316 0.01839295878 0.004797231672 0.5743311965 2.705757416 11.48614945 166.1722789 127.2485603 630.9050602 643.7042565 503.4533139 1062.400741 1399.450037 1327.112987 2289.839591 1950.364771 2361.463132 2735.077224 3093.925856 3177.189325 3320.695939 4222.756534 4513.808142 4864.904093 5445.928392 5658.348808 6089.111506 6374.121883 6608.548735 7519.605458 7817.157025 8094.060672 8365.767763 8855.316226 9322.729544 9575.340433 11422.43228 11241.88583 12875.20945 14211.50421 14958.01256 15596.70286 16737.21849 17555.66520 20014.69467 23977.74102 29465.28378 34178.83192 37119.23391 41009.33647 44101.25760 55074.79855 139227.3257 775850.5471
      sorted:	 0.004797231672 0.01839295878 0.02319318316 0.06737261124 0.07264992626 0.07815693567 0.07837753571 0.5743311965 2.705757416 11.48614945 127.2485603 166.1722789 503.4533139 630.9050602 643.7042565 1062.400741 1327.112987 1399.450037 1950.364771 2289.839591 2361.463132 2735.077224 3093.925856 3177.189325 3320.695939 4222.756534 4513.808142 4864.904093 5445.928392 5658.348808 6089.111506 6374.121883 6608.548735 7519.605458 7817.157025 8094.060672 8365.767763 8855.316226 9322.729544 9575.340433 11241.88583 11422.43228 12875.20945 14211.50421 14958.01256 15596.70286 16737.21849 17555.66520 20014.69467 23977.74102 29465.28378 34178.83192 37119.23391 41009.33647 44101.25760 55074.79855 139227.3257 775850.5471
