    unsorted:	 0.08021023322 0.07780806905 0.07209260499 0.006262821581 0.02911046349 0.5243673097 4.643258793 5.520064102 12.26295455 88.36174164 148.7398700 245.7860650 582.2207642 559.4629652 731.1016854 735.7425983 874.8996675 1206.426273 1906.710507 2312.070167 2611.184217 2992.603995 3034.574111 3242.774860 3714.252822 4367.841666 4469.841292 4801.381236 5413.999723 5685.292543 6169.753184 6559.417478 6750.000653 7112.951321 7820.560058 8051.753537 8390.559477 9160.435086 9372.881851 10339.17515 10937.06829 11707.38831 12168.31584 14522.60771 15211.52088 16467.48942 17031.75626 17799.98712 20192.18427 24320.11774 29274.25046 31227.35832 35886.06301 41011.93415 45235.20121 55157.29313 141414.5671 755125.6546
      sorted:	 0.006262821581 0.02911046349 0.07209260499 0.07780806905 0.08021023322 0.5243673097 4.643258793 5.520064102 12.26295455 88.36174164 148.7398700 245.7860650 559.4629652 582.2207642 731.1016854 735.7425983 874.8996675 1206.426273 1906.710507 2312.070167 2611.184217 2992.603995 3034.574111 3242.774860 3714.252822 4367.841666 4469.841292 4801.381236 5413.999723 5685.292543 6169.753184 6559.417478 6750.000653 7112.951321 7820.560058 8051.753537 8390.559477 9160.435086 9372.881851 10339.17515 10937.06829 11707.38831 12168.31584 14522.60771 15211.52088 16467.48942 17031.75626 17799.98712 20192.18427 24320.11774 29274.25046 31227.35832 35886.06301 41011.93415 45235.20121 55157.29313 141414.5671 755125.6546
