    unsorted:	 0.004555673192 0.01209088957 0.02132050683 0.08055331056 0.08839937149 0.6040690483 1.363889607 4.037655463 7.827839676 503.4543242 505.5827518 497.1995396 538.4417539 550.5564198 468.5010109 584.5547328 612.7334989 416.2028407 663.5140379 724.6240533 280.2541055 243.3502709 789.9778970 812.5682963 934.1854157 1022.800736 1088.279748 1196.470354 1269.497467 1408.636604 1550.798428 1747.921944 1983.317868 2111.285093 2152.912671 2758.246694 3773.012338 4317.220554 4478.212009 4867.918556 5696.055856 6002.179452 6490.179679 6974.730763 7400.058317 8933.039776 9580.179773 13521.76202 15880.36601 19548.86070 25327.91315 33560.96120 43808.07692 63197.38848 79194.29306 146595.1791
      sorted:	 0.004555673192 0.01209088957 0.02132050683 0.08055331056 0.08839937149 0.6040690483 1.363889607 4.037655463 7.827839676 243.3502709 280.2541055 416.2028407 468.5010109 497.1995396 503.4543242 505.5827518 538.4417539 550.5564198 584.5547328 612.7334989 663.5140379 724.6240533 789.9778970 812.5682963 934.1854157 1022.800736 1088.279748 1196.470354 1269.497467 1408.636604 1550.798428 1747.921944 1983.317868 2111.285093 2152.912671 2758.246694 3773.012338 4317.220554 4478.212009 4867.918556 5696.055856 6002.179452 6490.179679 6974.730763 7400.058317 8933.039776 9580.179773 13521.76202 15880.36601 19548.86070 25327.91315 33560.96120 43808.07692 63197.38848 79194.29306 146595.1791
