    unsorted:	 0.004664817256 0.005715395971 0.07783563127 0.08834515117 0.4211563794 2.110924151 2.531223033 21.21964398 57.37938217 549.4957314 574.2008005 586.1571162 515.9130611 486.3537410 611.5606783 633.1053898 454.1356374 420.5980451 676.4791381 170.7931839 252.6184943 764.8872792 805.0533814 834.7038693 970.3858665 1052.616149 1145.903726 1245.647259 1336.255789 1508.535282 1495.594890 1610.577393 1711.584270 1833.069076 2124.039213 2279.618185 2881.610742 3866.837942 4220.362067 4448.679891 4801.385618 5407.551367 5595.700492 6269.423248 6688.650387 7972.794021 9177.165096 10895.93681 14461.53885 19063.48238 20926.46775 27269.10291 36807.01564 43811.94781 60457.52387 81372.31316
      sorted:	 0.004664817256 0.005715395971 0.07783563127 0.08834515117 0.4211563794 2.110924151 2.531223033 21.21964398 57.37938217 170.7931839 252.6184943 420.5980451 454.1356374 486.3537410 515.9130611 549.4957314 574.2008005 586.1571162 611.5606783 633.1053898 676.4791381 764.8872792 805.0533814 834.7038693 970.3858665 1052.616149 1145.903726 1245.647259 1336.255789 1495.594890 1508.535282 1610.577393 1711.584270 1833.069076 2124.039213 2279.618185 2881.610742 3866.837942 4220.362067 4448.679891 4801.385618 5407.551367 5595.700492 6269.423248 6688.650387 7972.794021 9177.165096 10895.93681 14461.53885 19063.48238 20926.46775 27269.10291 36807.01564 43811.94781 60457.52387 81372.31316
