    unsorted:	 0.07017102987 0.07743602876 0.07594888508 0.4556761216 44.03832250 69.67003439 96.64816045 306.9994580 416.8434687 564.3678437 929.9412885 941.7813870 967.1756018 1187.595874 1612.763408 1586.270386 1889.976509 1910.925793 2616.176472 2986.584522 3279.276331 4503.245112 4314.645852 4906.331534 5016.608415 5135.256946 5287.490545 5944.206332 6170.922892 6846.778001 7151.355163 7498.279842 7749.004433 8518.102482 8901.230103 9282.648575 9563.767146 10996.17748 11922.30827 12425.26688 13802.66131 16038.90720 17703.17558 20694.78345 29769.53258 32519.90327 47269.43604 46746.20945 49681.31635 101399.6214 955429.9396
      sorted:	 0.07017102987 0.07594888508 0.07743602876 0.4556761216 44.03832250 69.67003439 96.64816045 306.9994580 416.8434687 564.3678437 929.9412885 941.7813870 967.1756018 1187.595874 1586.270386 1612.763408 1889.976509 1910.925793 2616.176472 2986.584522 3279.276331 4314.645852 4503.245112 4906.331534 5016.608415 5135.256946 5287.490545 5944.206332 6170.922892 6846.778001 7151.355163 7498.279842 7749.004433 8518.102482 8901.230103 9282.648575 9563.767146 10996.17748 11922.30827 12425.26688 13802.66131 16038.90720 17703.17558 20694.78345 29769.53258 32519.90327 46746.20945 47269.43604 49681.31635 101399.6214 955429.9396
