    unsorted:	 0.004683502491 0.005567950235 0.02535256835 0.07742060027 0.08832681877 0.3992419173 2.635309285 16.11051924 22.87136277 144.3485053 526.2270555 519.1029680 560.0873368 608.7400113 638.6795319 661.9808014 476.7547286 702.4322752 729.5480577 408.0300590 214.5923034 835.3144497 891.8409148 922.5345096 949.0596900 1082.180010 1236.476408 1296.050517 1391.081972 1414.889203 1613.273234 1798.277004 1992.052819 2193.077648 2255.917649 2833.723777 2755.031688 3402.337696 3847.155713 4463.553802 5035.348005 5262.360219 5544.409601 5752.147959 6423.079989 7515.516908 9428.985769 11884.88940 12958.13316 14553.71751 17812.16910 22981.33006 25979.84534 33755.19864 37800.97915 40926.17936 64913.82072 91692.26185
      sorted:	 0.004683502491 0.005567950235 0.02535256835 0.07742060027 0.08832681877 0.3992419173 2.635309285 16.11051924 22.87136277 144.3485053 214.5923034 408.0300590 476.7547286 519.1029680 526.2270555 560.0873368 608.7400113 638.6795319 661.9808014 702.4322752 729.5480577 835.3144497 891.8409148 922.5345096 949.0596900 1082.180010 1236.476408 1296.050517 1391.081972 1414.889203 1613.273234 1798.277004 1992.052819 2193.077648 2255.917649 2755.031688 2833.723777 3402.337696 3847.155713 4463.553802 5035.348005 5262.360219 5544.409601 5752.147959 6423.079989 7515.516908 9428.985769 11884.88940 12958.13316 14553.71751 17812.16910 22981.33006 25979.84534 33755.19864 37800.97915 40926.17936 64913.82072 91692.26185
