    unsorted:	 0.004576648934 0.01153869211 0.08012652550 0.08759038205 0.1614532659 0.5827466042 1.635853979 8.691843518 211.1362519 209.4830185 147.7541432 615.9319248 617.0263251 585.1854020 549.8224160 649.5433366 513.8857260 667.5932082 497.5764758 430.5128523 717.3630966 326.1283189 797.5118081 882.3214906 910.0681680 1040.248118 1060.914360 1244.040032 1340.519843 1375.918127 1634.719512 1829.377841 2003.701966 2087.764134 2337.755637 2664.168492 2966.238921 3555.125395 3753.732296 4557.543626 5026.377417 5137.110735 5504.263261 5927.671802 6449.955675 7176.531938 8956.591226 9650.183088 11240.06111 12709.92666 17302.86906 19707.80672 23830.55800 30785.75214 35607.01159 40923.19722 67714.00932 87667.78955
      sorted:	 0.004576648934 0.01153869211 0.08012652550 0.08759038205 0.1614532659 0.5827466042 1.635853979 8.691843518 147.7541432 209.4830185 211.1362519 326.1283189 430.5128523 497.5764758 513.8857260 549.8224160 585.1854020 615.9319248 617.0263251 649.5433366 667.5932082 717.3630966 797.5118081 882.3214906 910.0681680 1040.248118 1060.914360 1244.040032 1340.519843 1375.918127 1634.719512 1829.377841 2003.701966 2087.764134 2337.755637 2664.168492 2966.238921 3555.125395 3753.732296 4557.543626 5026.377417 5137.110735 5504.263261 5927.671802 6449.955675 7176.531938 8956.591226 9650.183088 11240.06111 12709.92666 17302.86906 19707.80672 23830.55800 30785.75214 35607.01159 40923.19722 67714.00932 87667.78955
