    unsorted:	 0.004178212664 0.008165781215 0.07730747723 0.08680506302 0.04325600916 1.444026574 1.622925551 16.69544020 23.59937065 138.8033147 202.0020323 577.7394384 580.3326243 549.3211885 628.1223798 636.0968984 658.4052357 693.3323810 457.0976402 430.3957753 755.3526901 293.8288721 872.7985909 928.0881671 960.1729178 1015.888015 1139.854521 1212.384285 1369.358079 1422.808573 1682.233946 1797.443676 2080.185594 2457.300011 2661.651614 2987.964117 3657.405220 3905.440870 4456.374623 5295.287937 5498.584736 6298.012089 6976.174707 7454.860195 7815.763187 10261.39004 13671.37399 17124.46390 20204.03474 24394.24052 31620.27290 39697.79411 45441.98774 65780.51074 95166.93687
      sorted:	 0.004178212664 0.008165781215 0.04325600916 0.07730747723 0.08680506302 1.444026574 1.622925551 16.69544020 23.59937065 138.8033147 202.0020323 293.8288721 430.3957753 457.0976402 549.3211885 577.7394384 580.3326243 628.1223798 636.0968984 658.4052357 693.3323810 755.3526901 872.7985909 928.0881671 960.1729178 1015.888015 1139.854521 1212.384285 1369.358079 1422.808573 1682.233946 1797.443676 2080.185594 2457.300011 2661.651614 2987.964117 3657.405220 3905.440870 4456.374623 5295.287937 5498.584736 6298.012089 6976.174707 7454.860195 7815.763187 10261.39004 13671.37399 17124.46390 20204.03474 24394.24052 31620.27290 39697.79411 45441.98774 65780.51074 95166.93687
