    unsorted:	 0.004546680567 0.004932926991 0.01266828167 0.07989418509 0.08509119585 0.1288993119 0.6272059080 2.821399326 5.626277557 638.6110934 642.8931394 604.0407840 585.6844685 558.3772499 696.6102429 714.3961375 492.9984493 782.4910981 424.3670921 192.4725773 188.8102438 103.7570404 868.0129336 985.0150305 1025.848475 1162.926781 1422.162785 1646.317212 1797.476550 1928.202091 1965.175848 2245.466598 2473.890374 2982.980608 3708.561959 3900.109958 4190.246326 4681.985863 5033.020503 5459.252701 5645.217636 6754.322964 7094.471478 8071.928633 10329.97577 14401.63243 17612.43488 19987.08304 23594.44908 26550.90753 33042.70940 39836.11634 45447.74680 69992.48678 97324.46949
      sorted:	 0.004546680567 0.004932926991 0.01266828167 0.07989418509 0.08509119585 0.1288993119 0.6272059080 2.821399326 5.626277557 103.7570404 188.8102438 192.4725773 424.3670921 492.9984493 558.3772499 585.6844685 604.0407840 638.6110934 642.8931394 696.6102429 714.3961375 782.4910981 868.0129336 985.0150305 1025.848475 1162.926781 1422.162785 1646.317212 1797.476550 1928.202091 1965.175848 2245.466598 2473.890374 2982.980608 3708.561959 3900.109958 4190.246326 4681.985863 5033.020503 5459.252701 5645.217636 6754.322964 7094.471478 8071.928633 10329.97577 14401.63243 17612.43488 19987.08304 23594.44908 26550.90753 33042.70940 39836.11634 45447.74680 69992.48678 97324.46949
