    unsorted:	 0.004648606822 0.01637625811 0.07784974746 0.07036970603 0.08466682349 0.1559279616 15.03493290 13.07976762 32.98011935 108.5601834 153.6393938 257.7298358 473.3571660 453.6574346 661.2311945 847.3644249 894.1106466 944.5649595 995.3794700 1143.507933 1226.157450 1275.882662 1336.781925 1535.685359 1584.147731 1776.533919 1788.771609 1906.300352 1986.459202 2088.454505 2313.829637 2588.575893 2744.226756 3002.825339 3040.644892 3379.755091 3751.160453 4284.580608 4521.237877 4801.185594 5414.533313 5994.005513 6491.551661 7116.847136 7326.463400 9934.446523 11467.00604 13008.71155 17211.51331 20361.81499 26471.58837 32436.47401 37078.89432 45440.24041 67868.84083
      sorted:	 0.004648606822 0.01637625811 0.07036970603 0.07784974746 0.08466682349 0.1559279616 13.07976762 15.03493290 32.98011935 108.5601834 153.6393938 257.7298358 453.6574346 473.3571660 661.2311945 847.3644249 894.1106466 944.5649595 995.3794700 1143.507933 1226.157450 1275.882662 1336.781925 1535.685359 1584.147731 1776.533919 1788.771609 1906.300352 1986.459202 2088.454505 2313.829637 2588.575893 2744.226756 3002.825339 3040.644892 3379.755091 3751.160453 4284.580608 4521.237877 4801.185594 5414.533313 5994.005513 6491.551661 7116.847136 7326.463400 9934.446523 11467.00604 13008.71155 17211.51331 20361.81499 26471.58837 32436.47401 37078.89432 45440.24041 67868.84083
