    unsorted:	 0.004654171970 0.08057649687 0.08391083569 0.06884107004 0.02816402284 0.5100688066 14.30737765 31.44035084 98.39073222 130.3496365 139.2521637 289.7399139 936.0317638 892.3135054 842.4451894 827.8233411 974.8512368 1022.544146 525.4943732 452.7883422 1243.846223 1324.790153 1401.596685 1486.739286 1835.612381 1829.954892 1794.524513 2002.955775 2078.831134 2249.344075 2274.596586 2619.699427 3001.177051 3114.586583 3447.516337 3641.117821 3733.864245 3946.629279 4771.784519 4990.108468 5631.164423 6236.747432 6797.577322 7077.323284 7764.656444 9717.956645 12694.76382 13044.79872 17516.12722 20313.65616 28000.73886 33630.33040 38380.19698 45446.72704 66429.32786
      sorted:	 0.004654171970 0.02816402284 0.06884107004 0.08057649687 0.08391083569 0.5100688066 14.30737765 31.44035084 98.39073222 130.3496365 139.2521637 289.7399139 452.7883422 525.4943732 827.8233411 842.4451894 892.3135054 936.0317638 974.8512368 1022.544146 1243.846223 1324.790153 1401.596685 1486.739286 1794.524513 1829.954892 1835.612381 2002.955775 2078.831134 2249.344075 2274.596586 2619.699427 3001.177051 3114.586583 3447.516337 3641.117821 3733.864245 3946.629279 4771.784519 4990.108468 5631.164423 6236.747432 6797.577322 7077.323284 7764.656444 9717.956645 12694.76382 13044.79872 17516.12722 20313.65616 28000.73886 33630.33040 38380.19698 45446.72704 66429.32786
