    unsorted:	 0.004573857444 0.01163125216 0.08015860148 0.08781140201 0.09249377322 0.05664338661 0.1765382540 0.5859463142 8.569300987 551.3730790 513.2719914 497.4466584 584.9042429 613.9850017 649.3102884 441.7648543 713.3473112 394.6133957 793.9384368 788.5526697 216.8745891 213.4393986 869.0587612 889.9742902 969.2121082 1048.382479 1279.034148 1233.086651 1555.312862 1631.668229 1894.312035 2039.369812 2273.566263 2598.740366 2737.700880 2971.198025 4045.445375 4524.654879 4830.951938 5019.175285 5934.860870 6295.191973 7111.105179 8529.726752 9107.190927 9946.646085 11818.29912 15962.08711 17623.08880 22670.71286 29325.77279 34501.26510 42325.31545 67027.13673 86076.88361 132986.4255 6908766.876
      sorted:	 0.004573857444 0.01163125216 0.05664338661 0.08015860148 0.08781140201 0.09249377322 0.1765382540 0.5859463142 8.569300987 213.4393986 216.8745891 394.6133957 441.7648543 497.4466584 513.2719914 551.3730790 584.9042429 613.9850017 649.3102884 713.3473112 788.5526697 793.9384368 869.0587612 889.9742902 969.2121082 1048.382479 1233.086651 1279.034148 1555.312862 1631.668229 1894.312035 2039.369812 2273.566263 2598.740366 2737.700880 2971.198025 4045.445375 4524.654879 4830.951938 5019.175285 5934.860870 6295.191973 7111.105179 8529.726752 9107.190927 9946.646085 11818.29912 15962.08711 17623.08880 22670.71286 29325.77279 34501.26510 42325.31545 67027.13673 86076.88361 132986.4255 6908766.876
