    unsorted:	 0.004681264003 0.005604729194 0.07744820560 0.07285900489 0.08842961493 0.2890479488 0.4018220193 2.093691177 22.67903008 147.0207944 523.7843769 516.4979008 499.7554240 556.9700212 605.2960184 631.6924753 659.4373501 422.2387787 721.4863418 727.0156877 811.3810667 829.3017604 217.9448858 912.8857521 993.0798627 1073.294429 1181.590530 1338.907758 1410.041866 1537.908940 1696.374404 1826.500386 2005.557381 2484.025505 2781.027418 2966.223442 3262.639618 4072.186406 4820.851760 5163.620825 5423.451350 5729.991841 6176.770906 6968.368788 8848.546431 10493.27016 11211.72642 13292.62652 16710.86568 18875.70215 23433.34257 31425.33239 36574.86478 42328.03740 64183.02386 89830.01140 117296.6155
      sorted:	 0.004681264003 0.005604729194 0.07285900489 0.07744820560 0.08842961493 0.2890479488 0.4018220193 2.093691177 22.67903008 147.0207944 217.9448858 422.2387787 499.7554240 516.4979008 523.7843769 556.9700212 605.2960184 631.6924753 659.4373501 721.4863418 727.0156877 811.3810667 829.3017604 912.8857521 993.0798627 1073.294429 1181.590530 1338.907758 1410.041866 1537.908940 1696.374404 1826.500386 2005.557381 2484.025505 2781.027418 2966.223442 3262.639618 4072.186406 4820.851760 5163.620825 5423.451350 5729.991841 6176.770906 6968.368788 8848.546431 10493.27016 11211.72642 13292.62652 16710.86568 18875.70215 23433.34257 31425.33239 36574.86478 42328.03740 64183.02386 89830.01140 117296.6155
