    unsorted:	 0.004656149724 0.01673392194 0.07811915250 0.07159684151 0.08529861103 0.1490655291 12.33191807 31.05867090 27.58332547 153.5011013 243.3790858 229.8771517 515.8253320 441.9016113 789.1445849 699.7102136 839.8551076 884.7225503 1150.924930 1124.233288 1084.027635 1204.313999 1357.877211 1366.311769 1546.148971 1561.144168 1589.382892 1639.756350 1742.929688 1940.911713 2016.056582 2181.246124 2301.514131 2571.269396 2669.150031 2836.601286 3031.263228 3395.994305 4031.116181 4258.179926 5037.312597 5461.592255 5579.635882 6310.533505 6728.021645 7430.457238 8837.722294 10773.88826 12532.58931 14409.84984 17821.80957 25480.42908 31156.31695 33195.39647 43810.01968 50614.71025
      sorted:	 0.004656149724 0.01673392194 0.07159684151 0.07811915250 0.08529861103 0.1490655291 12.33191807 27.58332547 31.05867090 153.5011013 229.8771517 243.3790858 441.9016113 515.8253320 699.7102136 789.1445849 839.8551076 884.7225503 1084.027635 1124.233288 1150.924930 1204.313999 1357.877211 1366.311769 1546.148971 1561.144168 1589.382892 1639.756350 1742.929688 1940.911713 2016.056582 2181.246124 2301.514131 2571.269396 2669.150031 2836.601286 3031.263228 3395.994305 4031.116181 4258.179926 5037.312597 5461.592255 5579.635882 6310.533505 6728.021645 7430.457238 8837.722294 10773.88826 12532.58931 14409.84984 17821.80957 25480.42908 31156.31695 33195.39647 43810.01968 50614.71025
