    unsorted:	 0.004691554246 0.02742438743 0.08076161882 0.07073801307 0.08467052506 0.4741545522 4.613549125 27.09227107 134.9611801 183.8285076 204.8576416 266.8749790 440.6397039 572.0580467 781.4651087 882.0653981 888.0057993 828.5767055 1169.431156 1122.244591 1070.490273 1255.490214 1270.746360 1316.556108 1572.048579 1580.286310 1627.470798 1744.950984 1767.723459 1968.119453 2255.083890 2325.009239 2544.036373 2599.059095 2711.511850 3085.420606 3427.233315 3807.090958 4146.010164 4391.527051 4669.589071 5422.686193 5935.576844 6485.158064 6887.279167 7580.581281 8737.264742 11760.12630 12712.61076 14488.59445 17684.34277 26347.60950 31936.07018 34973.07809 43816.65969 49742.97455
      sorted:	 0.004691554246 0.02742438743 0.07073801307 0.08076161882 0.08467052506 0.4741545522 4.613549125 27.09227107 134.9611801 183.8285076 204.8576416 266.8749790 440.6397039 572.0580467 781.4651087 828.5767055 882.0653981 888.0057993 1070.490273 1122.244591 1169.431156 1255.490214 1270.746360 1316.556108 1572.048579 1580.286310 1627.470798 1744.950984 1767.723459 1968.119453 2255.083890 2325.009239 2544.036373 2599.059095 2711.511850 3085.420606 3427.233315 3807.090958 4146.010164 4391.527051 4669.589071 5422.686193 5935.576844 6485.158064 6887.279167 7580.581281 8737.264742 11760.12630 12712.61076 14488.59445 17684.34277 26347.60950 31936.07018 34973.07809 43816.65969 49742.97455
