    unsorted:	 0.004571971857 0.01175200512 0.008658178758 0.01456824571 0.08052655848 0.08806479419 0.5906386313 1.428645081 8.381708556 34.53232954 493.1157176 461.9653230 478.1460923 511.2996833 542.5739738 587.4524846 620.4450753 638.0037394 670.6127995 671.8367433 726.2061569 362.1025626 808.3239798 827.3828199 251.0757662 225.3111175 962.5766025 1006.025555 1171.102547 1156.881805 1329.636913 1474.885408 1642.992439 1810.933734 1930.005724 2271.098060 2401.066180 2435.144806 3066.140832 4300.265172 4516.887051 4789.032141 5318.616678 5873.916234 6322.246161 7083.866649 7847.920923 9621.949594 11544.15682 12894.10622 15621.98866 16347.23659 24104.76230 31444.31120 40859.16632 41422.00688 66485.42996 85152.87042
      sorted:	 0.004571971857 0.008658178758 0.01175200512 0.01456824571 0.08052655848 0.08806479419 0.5906386313 1.428645081 8.381708556 34.53232954 225.3111175 251.0757662 362.1025626 461.9653230 478.1460923 493.1157176 511.2996833 542.5739738 587.4524846 620.4450753 638.0037394 670.6127995 671.8367433 726.2061569 808.3239798 827.3828199 962.5766025 1006.025555 1156.881805 1171.102547 1329.636913 1474.885408 1642.992439 1810.933734 1930.005724 2271.098060 2401.066180 2435.144806 3066.140832 4300.265172 4516.887051 4789.032141 5318.616678 5873.916234 6322.246161 7083.866649 7847.920923 9621.949594 11544.15682 12894.10622 15621.98866 16347.23659 24104.76230 31444.31120 40859.16632 41422.00688 66485.42996 85152.87042
