    unsorted:	 0.004654221270 0.005807459913 0.01295054554 0.07722375911 0.08951627757 0.4517668179 6.100952735 11.58949789 20.88401638 513.9776039 554.7259611 563.3917044 497.4841125 591.8554693 626.1893337 436.4701311 442.1589637 652.9502777 669.0699422 701.9472271 766.1650205 803.8533491 269.3805944 170.4722549 897.9344174 1042.772633 1127.555849 1224.460908 1316.733300 1365.790237 1420.105031 1534.273286 1668.297764 2157.218861 2049.731584 2297.719166 2896.149170 3884.751488 4529.342101 4796.408085 5033.981736 5082.015019 5628.014973 5827.677854 7160.387257 7934.411933 11149.33104 12498.92959 14231.24569 14929.14470 17780.41858 20907.73702 27474.69117 35959.09088 40888.74390 54411.18787 59862.19871 79689.57986
      sorted:	 0.004654221270 0.005807459913 0.01295054554 0.07722375911 0.08951627757 0.4517668179 6.100952735 11.58949789 20.88401638 170.4722549 269.3805944 436.4701311 442.1589637 497.4841125 513.9776039 554.7259611 563.3917044 591.8554693 626.1893337 652.9502777 669.0699422 701.9472271 766.1650205 803.8533491 897.9344174 1042.772633 1127.555849 1224.460908 1316.733300 1365.790237 1420.105031 1534.273286 1668.297764 2049.731584 2157.218861 2297.719166 2896.149170 3884.751488 4529.342101 4796.408085 5033.981736 5082.015019 5628.014973 5827.677854 7160.387257 7934.411933 11149.33104 12498.92959 14231.24569 14929.14470 17780.41858 20907.73702 27474.69117 35959.09088 40888.74390 54411.18787 59862.19871 79689.57986
