    unsorted:	 0.07850455260 0.07713783400 0.07762204984 0.07139524565 0.06551762138 0.04381509967 0.007815652031 0.9648569319 6.094879026 161.5064110 249.5745406 198.4418469 695.2833091 671.8129893 595.6182089 1124.730871 923.3691037 1190.381925 1298.091890 1589.840467 1965.737288 1856.009351 2836.385816 2840.067266 2600.219985 2412.571047 2986.133975 3813.737909 3829.467105 3500.617906 3399.386022 3698.473805 3905.035304 4180.542882 4543.595006 4592.452548 4978.465077 5360.170262 5479.597055 5950.388179 6394.749269 7271.498645 7711.700724 8348.675564 8760.443642 9526.601620 10044.81076 11877.29527 12531.97823 14465.29608 16555.38917 17501.78245 22270.79431 30542.34181 32563.89474 40967.15995 67546.52782 122007.6544
      sorted:	 0.007815652031 0.04381509967 0.06551762138 0.07139524565 0.07713783400 0.07762204984 0.07850455260 0.9648569319 6.094879026 161.5064110 198.4418469 249.5745406 595.6182089 671.8129893 695.2833091 923.3691037 1124.730871 1190.381925 1298.091890 1589.840467 1856.009351 1965.737288 2412.571047 2600.219985 2836.385816 2840.067266 2986.133975 3399.386022 3500.617906 3698.473805 3813.737909 3829.467105 3905.035304 4180.542882 4543.595006 4592.452548 4978.465077 5360.170262 5479.597055 5950.388179 6394.749269 7271.498645 7711.700724 8348.675564 8760.443642 9526.601620 10044.81076 11877.29527 12531.97823 14465.29608 16555.38917 17501.78245 22270.79431 30542.34181 32563.89474 40967.15995 67546.52782 122007.6544
