    unsorted:	 0.07535646986 0.07143711867 0.07729347793 0.08087273667 0.01762480958 0.7536487254 12.86659169 21.06242338 85.21610426 114.3876077 126.2879509 222.1802717 552.5255286 640.4181433 820.6027978 1022.007194 1109.220784 1165.800524 1291.369959 1842.220687 1806.948211 1935.961412 2538.175159 2587.361030 2750.501690 2880.862053 3327.158967 3405.504364 3460.539042 3729.263465 3825.922607 3896.608678 3986.962794 4167.351417 4621.386306 4686.791155 4917.534345 5362.662803 5523.925167 6086.282385 6519.711993 7392.772195 7712.675839 8156.117185 8632.695233 9554.734929 10312.92904 11851.65587 12374.52882 14501.15455 16946.27978 18647.52261 22580.80526 30770.19650 34486.40838 40970.88125 68569.59680 115084.9876
      sorted:	 0.01762480958 0.07143711867 0.07535646986 0.07729347793 0.08087273667 0.7536487254 12.86659169 21.06242338 85.21610426 114.3876077 126.2879509 222.1802717 552.5255286 640.4181433 820.6027978 1022.007194 1109.220784 1165.800524 1291.369959 1806.948211 1842.220687 1935.961412 2538.175159 2587.361030 2750.501690 2880.862053 3327.158967 3405.504364 3460.539042 3729.263465 3825.922607 3896.608678 3986.962794 4167.351417 4621.386306 4686.791155 4917.534345 5362.662803 5523.925167 6086.282385 6519.711993 7392.772195 7712.675839 8156.117185 8632.695233 9554.734929 10312.92904 11851.65587 12374.52882 14501.15455 16946.27978 18647.52261 22580.80526 30770.19650 34486.40838 40970.88125 68569.59680 115084.9876
