    unsorted:	 0.004685090172 0.02720312298 0.07018123087 0.08051684277 0.08413676923 0.4801323818 3.837164273 23.10369641 43.99342539 154.2172159 268.8300244 247.8942217 504.0346479 864.6539896 792.8485337 917.4911417 953.4761112 1151.351682 1134.225861 1239.701814 1316.314349 1409.264864 1495.337172 1596.563633 1751.587348 1928.459878 1974.985997 2039.367058 2199.576865 2393.510134 2490.620449 2867.530756 2970.534665 3283.980588 3401.178498 3595.753785 3821.581180 4070.085030 4285.554074 4617.500922 5005.395238 5590.252882 6603.098735 7221.647633 7818.288587 7933.173827 8344.838486 10740.61215 13027.03477 14182.59236 17330.60296 20051.19810 22822.72567 30819.94961 34963.34923 40919.34246 43823.47744 71025.11250
      sorted:	 0.004685090172 0.02720312298 0.07018123087 0.08051684277 0.08413676923 0.4801323818 3.837164273 23.10369641 43.99342539 154.2172159 247.8942217 268.8300244 504.0346479 792.8485337 864.6539896 917.4911417 953.4761112 1134.225861 1151.351682 1239.701814 1316.314349 1409.264864 1495.337172 1596.563633 1751.587348 1928.459878 1974.985997 2039.367058 2199.576865 2393.510134 2490.620449 2867.530756 2970.534665 3283.980588 3401.178498 3595.753785 3821.581180 4070.085030 4285.554074 4617.500922 5005.395238 5590.252882 6603.098735 7221.647633 7818.288587 7933.173827 8344.838486 10740.61215 13027.03477 14182.59236 17330.60296 20051.19810 22822.72567 30819.94961 34963.34923 40919.34246 43823.47744 71025.11250
