    unsorted:	 0.07340231871 0.07708441741 0.08573801664 0.05908130117 1376.571133 1375.381618 1354.105132 1334.575474 1443.809330 1239.037676 1621.300147 966.2012539 916.7842563 861.3205955 1860.670530 1853.719921 1911.718587 18.06110126 35.56813960 76.11852932 631.2661439 163.4501458 304.6270677 291.2687770 447.3472964 2066.491220 2142.597983 2410.360140 2677.771378 2638.589861 2765.772589 3287.065131 3517.925042 3774.060103 3962.816010 4314.347035 4447.119314 5346.545084 5692.918120 6122.995742 6955.368360 7659.436705 8164.464633 10613.50643 11863.39736 11970.31178 13628.33284 16744.02973 20006.07177 22506.63014 29015.85408 33641.95725 40885.03517 41403.14070 69673.77772
      sorted:	 0.05908130117 0.07340231871 0.07708441741 0.08573801664 18.06110126 35.56813960 76.11852932 163.4501458 291.2687770 304.6270677 447.3472964 631.2661439 861.3205955 916.7842563 966.2012539 1239.037676 1334.575474 1354.105132 1375.381618 1376.571133 1443.809330 1621.300147 1853.719921 1860.670530 1911.718587 2066.491220 2142.597983 2410.360140 2638.589861 2677.771378 2765.772589 3287.065131 3517.925042 3774.060103 3962.816010 4314.347035 4447.119314 5346.545084 5692.918120 6122.995742 6955.368360 7659.436705 8164.464633 10613.50643 11863.39736 11970.31178 13628.33284 16744.02973 20006.07177 22506.63014 29015.85408 33641.95725 40885.03517 41403.14070 69673.77772
