    unsorted:	 0.004693435230 0.08076204773 0.08419992939 0.07031772021 0.02726478054 0.4789301801 4.243707543 23.62288990 68.39159762 178.8968563 201.3988941 269.1313388 823.2616183 807.0567499 859.1651580 899.0560212 536.6798983 1126.667881 1083.834994 1200.922474 1246.999057 1287.277773 1370.493832 1437.132502 1792.619694 1744.917636 1726.568276 1831.106712 1958.649269 2115.892774 2201.956872 2580.073186 2764.160710 2923.475115 3014.797377 3405.970428 3529.340297 3678.822116 3912.633746 4487.098452 4766.624949 5005.333276 5968.755930 6525.288795 6826.647799 7384.065618 7777.175732 9843.367301 12007.66725 13151.80144 16382.72357 17893.24149 20268.55238 30138.11136 33510.91027 40897.21380 41919.55797 59384.41889
      sorted:	 0.004693435230 0.02726478054 0.07031772021 0.08076204773 0.08419992939 0.4789301801 4.243707543 23.62288990 68.39159762 178.8968563 201.3988941 269.1313388 536.6798983 807.0567499 823.2616183 859.1651580 899.0560212 1083.834994 1126.667881 1200.922474 1246.999057 1287.277773 1370.493832 1437.132502 1726.568276 1744.917636 1792.619694 1831.106712 1958.649269 2115.892774 2201.956872 2580.073186 2764.160710 2923.475115 3014.797377 3405.970428 3529.340297 3678.822116 3912.633746 4487.098452 4766.624949 5005.333276 5968.755930 6525.288795 6826.647799 7384.065618 7777.175732 9843.367301 12007.66725 13151.80144 16382.72357 17893.24149 20268.55238 30138.11136 33510.91027 40897.21380 41919.55797 59384.41889
