    unsorted:	 0.07338772380 0.07733263172 0.08578103972 1.251754454 16.08607237 34.98974996 67.59142502 185.3003834 240.9370535 309.6776660 491.0748116 656.8839275 807.4837077 871.3293417 902.6726110 1260.794178 1267.652241 1221.910011 1140.648887 1440.346121 1405.389817 1466.648237 1687.316755 1704.193745 1743.465490 1899.056363 2066.605732 2166.860052 2347.926963 2507.870868 2767.166989 2897.818557 3143.249551 3405.814343 3531.525271 3996.482219 4346.698253 4705.932964 5648.942290 5788.835279 6155.595855 6753.837759 7213.761897 9661.414488 11390.42293 11353.65189 12877.85251 15769.98247 18211.81311 20246.71013 28408.87659 32475.19446 39831.69842 40918.81089 59703.26936
      sorted:	 0.07338772380 0.07733263172 0.08578103972 1.251754454 16.08607237 34.98974996 67.59142502 185.3003834 240.9370535 309.6776660 491.0748116 656.8839275 807.4837077 871.3293417 902.6726110 1140.648887 1221.910011 1260.794178 1267.652241 1405.389817 1440.346121 1466.648237 1687.316755 1704.193745 1743.465490 1899.056363 2066.605732 2166.860052 2347.926963 2507.870868 2767.166989 2897.818557 3143.249551 3405.814343 3531.525271 3996.482219 4346.698253 4705.932964 5648.942290 5788.835279 6155.595855 6753.837759 7213.761897 9661.414488 11353.65189 11390.42293 12877.85251 15769.98247 18211.81311 20246.71013 28408.87659 32475.19446 39831.69842 40918.81089 59703.26936
