    unsorted:	 0.06966343215 0.07182168701 0.08019966354 0.07873611743 0.02978967695 0.005911959210 2.534114149 4.681148784 18.72023438 82.31443941 112.7826078 175.1808647 553.3360565 611.0165911 732.4376379 774.9470403 983.3620120 1090.837296 1881.443016 2029.128253 2109.963913 2294.539727 3004.051734 3214.261504 3285.280205 3693.102774 4382.456826 4468.141457 5477.275095 5212.040814 6202.912999 6571.085748 7105.733297 7839.190635 7940.482394 8388.449829 9143.582212 9347.571201 10479.21228 11206.11031 11795.28682 14163.49690 15071.58955 15602.13433 16683.79105 17142.43815 19440.18109 22959.73022 29863.55450 31705.66912 45550.28920 44345.99206 53903.94024 117968.3791 697311.0972
      sorted:	 0.005911959210 0.02978967695 0.06966343215 0.07182168701 0.07873611743 0.08019966354 2.534114149 4.681148784 18.72023438 82.31443941 112.7826078 175.1808647 553.3360565 611.0165911 732.4376379 774.9470403 983.3620120 1090.837296 1881.443016 2029.128253 2109.963913 2294.539727 3004.051734 3214.261504 3285.280205 3693.102774 4382.456826 4468.141457 5212.040814 5477.275095 6202.912999 6571.085748 7105.733297 7839.190635 7940.482394 8388.449829 9143.582212 9347.571201 10479.21228 11206.11031 11795.28682 14163.49690 15071.58955 15602.13433 16683.79105 17142.43815 19440.18109 22959.73022 29863.55450 31705.66912 44345.99206 45550.28920 53903.94024 117968.3791 697311.0972
