    unsorted:	 0.07835934345 0.07912716014 0.07165760290 0.06576533896 0.004797711212 0.02155357817 0.5669450872 12.06123774 40.00928972 85.57432635 85.34758521 171.3330109 538.1112640 501.2692358 636.4323602 758.0645684 852.8605949 983.0779204 1061.617309 1823.327196 2137.990799 2674.246859 2737.963052 2990.219206 3251.263291 3757.908094 4320.512853 5294.658901 4901.639519 5643.152877 6078.890421 6506.587528 6874.661239 7374.682849 7602.101823 8255.793408 8702.569152 8907.874843 9900.400911 10993.57395 13076.00188 13912.07054 14578.54171 15232.16349 16179.64432 18189.64395 21391.47921 24168.17657 27964.00189 28989.76364 41774.85140 45545.33840 48447.18713 99330.62044 501830.3760
      sorted:	 0.004797711212 0.02155357817 0.06576533896 0.07165760290 0.07835934345 0.07912716014 0.5669450872 12.06123774 40.00928972 85.34758521 85.57432635 171.3330109 501.2692358 538.1112640 636.4323602 758.0645684 852.8605949 983.0779204 1061.617309 1823.327196 2137.990799 2674.246859 2737.963052 2990.219206 3251.263291 3757.908094 4320.512853 4901.639519 5294.658901 5643.152877 6078.890421 6506.587528 6874.661239 7374.682849 7602.101823 8255.793408 8702.569152 8907.874843 9900.400911 10993.57395 13076.00188 13912.07054 14578.54171 15232.16349 16179.64432 18189.64395 21391.47921 24168.17657 27964.00189 28989.76364 41774.85140 45545.33840 48447.18713 99330.62044 501830.3760
