    unsorted:	 0.07811071953 0.07837865273 0.07055764847 0.07263376767 0.06738516212 0.1405300059 35.27879157 130.4358218 126.5722727 166.2479866 629.6231762 503.2406582 698.1409658 1070.232809 1516.200168 1327.054574 1956.888170 2377.006792 3110.436063 3057.429875 2731.317792 3306.581939 4031.993500 4537.395868 4625.693698 4912.429253 5524.426250 5734.885809 6168.240130 6408.186589 6719.715641 7553.644805 7935.124038 8180.118618 8382.362787 8919.007214 9389.261406 9652.623617 11488.97248 11330.74200 12612.92707 14276.54321 15038.39745 15621.17432 16857.36981 17667.18078 20108.93749 24189.53189 29545.28627 34561.14517 41009.91722 44574.77282 56043.37829 142742.8252 831691.3197
      sorted:	 0.06738516212 0.07055764847 0.07263376767 0.07811071953 0.07837865273 0.1405300059 35.27879157 126.5722727 130.4358218 166.2479866 503.2406582 629.6231762 698.1409658 1070.232809 1327.054574 1516.200168 1956.888170 2377.006792 2731.317792 3057.429875 3110.436063 3306.581939 4031.993500 4537.395868 4625.693698 4912.429253 5524.426250 5734.885809 6168.240130 6408.186589 6719.715641 7553.644805 7935.124038 8180.118618 8382.362787 8919.007214 9389.261406 9652.623617 11330.74200 11488.97248 12612.92707 14276.54321 15038.39745 15621.17432 16857.36981 17667.18078 20108.93749 24189.53189 29545.28627 34561.14517 41009.91722 44574.77282 56043.37829 142742.8252 831691.3197
