    unsorted:	 0.08060097318 0.07107354248 0.07328558547 0.07785809815 0.04780772459 0.1307293755 14.39584576 13.51713478 78.21591303 138.0770412 104.2383528 156.4217146 460.1848757 599.6310839 774.3728624 725.2547064 1010.212869 1449.614436 1228.205790 1566.693637 2409.359465 2474.268026 2234.373566 3019.890170 3304.168128 3382.635328 3691.084858 3663.793964 3843.367924 3924.231494 4837.808255 4877.216598 5158.169990 5343.943420 5623.523083 5843.277639 6231.925555 6419.951068 7206.563700 7331.194552 8323.925509 8672.118429 9224.087640 10789.07968 11483.03558 11612.97246 12240.41468 13249.10812 15886.95431 16063.70067 19401.02452 22517.25365 28693.38320 36221.76353 40988.21039 42354.20626 105412.5192 414279.9500
      sorted:	 0.04780772459 0.07107354248 0.07328558547 0.07785809815 0.08060097318 0.1307293755 13.51713478 14.39584576 78.21591303 104.2383528 138.0770412 156.4217146 460.1848757 599.6310839 725.2547064 774.3728624 1010.212869 1228.205790 1449.614436 1566.693637 2234.373566 2409.359465 2474.268026 3019.890170 3304.168128 3382.635328 3663.793964 3691.084858 3843.367924 3924.231494 4837.808255 4877.216598 5158.169990 5343.943420 5623.523083 5843.277639 6231.925555 6419.951068 7206.563700 7331.194552 8323.925509 8672.118429 9224.087640 10789.07968 11483.03558 11612.97246 12240.41468 13249.10812 15886.95431 16063.70067 19401.02452 22517.25365 28693.38320 36221.76353 40988.21039 42354.20626 105412.5192 414279.9500
