    unsorted:	 0.07849522944 0.07787019861 0.07701852613 0.07141226783 0.06738150851 0.02845938157 0.004802128559 0.6087329844 6.110352365 161.8714612 249.7209075 198.1937252 695.4774816 673.7592633 596.1477681 1130.016169 927.5562516 1195.918468 1301.807056 1969.130225 1869.755431 1617.455561 2852.664691 2844.036100 2600.214893 2418.842856 2988.546417 3511.533617 3414.988869 3828.602706 3840.745694 3707.333018 3916.194945 4201.040893 4573.356382 4619.554993 5058.730095 5415.260669 5568.469378 6014.728623 6421.688637 7435.662733 7867.995213 8381.508014 8873.671118 9555.347926 10331.67414 11935.59749 12707.79294 14783.22447 16698.72338 17753.08697 22779.55418 31532.02864 33115.65931 40967.09115 69571.68647 124829.0315
      sorted:	 0.004802128559 0.02845938157 0.06738150851 0.07141226783 0.07701852613 0.07787019861 0.07849522944 0.6087329844 6.110352365 161.8714612 198.1937252 249.7209075 596.1477681 673.7592633 695.4774816 927.5562516 1130.016169 1195.918468 1301.807056 1617.455561 1869.755431 1969.130225 2418.842856 2600.214893 2844.036100 2852.664691 2988.546417 3414.988869 3511.533617 3707.333018 3828.602706 3840.745694 3916.194945 4201.040893 4573.356382 4619.554993 5058.730095 5415.260669 5568.469378 6014.728623 6421.688637 7435.662733 7867.995213 8381.508014 8873.671118 9555.347926 10331.67414 11935.59749 12707.79294 14783.22447 16698.72338 17753.08697 22779.55418 31532.02864 33115.65931 40967.09115 69571.68647 124829.0315
