    unsorted:	 0.07615236001 0.07670631783 0.08091901912 0.07144431678 0.03179212175 0.2132930120 8.262727255 10.41243718 114.5568244 129.9406263 126.9751969 222.3320514 553.9051253 640.3611398 819.4290298 1025.832894 1115.095805 1171.935177 1327.293940 1938.942558 1822.677507 2134.654600 2544.650073 2590.829851 2764.070035 2880.801376 3348.628005 3411.456542 3466.123441 3735.144820 3905.349965 3845.894436 4004.997030 4187.033369 4658.323515 4718.066149 5001.559195 5478.255591 5564.607989 6159.256013 6553.048859 7536.581690 7864.002956 8298.479090 8769.155870 9593.859151 10484.77452 11904.48483 12599.85691 14741.77306 17367.43212 18714.22670 23036.39648 32029.87954 34769.30451 40970.81628 70241.58153 116739.4866
      sorted:	 0.03179212175 0.07144431678 0.07615236001 0.07670631783 0.08091901912 0.2132930120 8.262727255 10.41243718 114.5568244 126.9751969 129.9406263 222.3320514 553.9051253 640.3611398 819.4290298 1025.832894 1115.095805 1171.935177 1327.293940 1822.677507 1938.942558 2134.654600 2544.650073 2590.829851 2764.070035 2880.801376 3348.628005 3411.456542 3466.123441 3735.144820 3845.894436 3905.349965 4004.997030 4187.033369 4658.323515 4718.066149 5001.559195 5478.255591 5564.607989 6159.256013 6553.048859 7536.581690 7864.002956 8298.479090 8769.155870 9593.859151 10484.77452 11904.48483 12599.85691 14741.77306 17367.43212 18714.22670 23036.39648 32029.87954 34769.30451 40970.81628 70241.58153 116739.4866
