    unsorted:	 0.004119790061 0.01971658733 0.07807507879 0.07054141779 0.08466878243 0.8886150393 13.83095029 29.12017510 30.17442830 139.6359633 132.0682249 251.7428707 506.2331164 449.0037703 694.2539627 796.8340843 848.3720491 888.9944344 980.4802601 1222.767127 1166.410492 1240.521506 1126.046867 1383.321898 1454.544040 1584.428755 1617.552389 1709.264009 1771.975830 1982.085976 2034.044393 2327.494786 2611.642972 2727.135954 2835.446429 3054.220837 3385.162949 4073.765213 4280.757465 4443.157189 4870.260853 5573.620469 6175.044949 6207.197765 6658.990389 8825.862229 10863.39790 12469.22610 14761.50321 18106.23159 25342.37572 31491.34257 33718.32952 45422.77568 55515.83414
      sorted:	 0.004119790061 0.01971658733 0.07054141779 0.07807507879 0.08466878243 0.8886150393 13.83095029 29.12017510 30.17442830 132.0682249 139.6359633 251.7428707 449.0037703 506.2331164 694.2539627 796.8340843 848.3720491 888.9944344 980.4802601 1126.046867 1166.410492 1222.767127 1240.521506 1383.321898 1454.544040 1584.428755 1617.552389 1709.264009 1771.975830 1982.085976 2034.044393 2327.494786 2611.642972 2727.135954 2835.446429 3054.220837 3385.162949 4073.765213 4280.757465 4443.157189 4870.260853 5573.620469 6175.044949 6207.197765 6658.990389 8825.862229 10863.39790 12469.22610 14761.50321 18106.23159 25342.37572 31491.34257 33718.32952 45422.77568 55515.83414
