    unsorted:	 0.004672418498 0.08075074470 0.08394393279 0.06944106597 0.02839748276 0.5264981303 14.86236120 27.54719009 130.3354325 119.1369190 171.9753136 282.5793581 873.9958371 891.4650292 838.4934441 791.3303600 960.5986884 560.2903688 447.8687140 1142.755875 1136.310565 1214.552621 1284.436539 1341.781021 1614.795887 1666.012703 1670.623045 1786.856807 1960.269588 1997.166387 2142.941249 2354.467966 2612.560964 2778.980650 3124.038606 3446.233866 3744.430420 3779.207152 4215.339822 4718.756580 4962.494880 5903.802648 6189.490675 6336.693091 7163.475754 8758.322582 11714.85025 12766.31968 14907.01463 18034.79090 26396.73623 32440.29431 35599.54590 45429.78188 54497.63865
      sorted:	 0.004672418498 0.02839748276 0.06944106597 0.08075074470 0.08394393279 0.5264981303 14.86236120 27.54719009 119.1369190 130.3354325 171.9753136 282.5793581 447.8687140 560.2903688 791.3303600 838.4934441 873.9958371 891.4650292 960.5986884 1136.310565 1142.755875 1214.552621 1284.436539 1341.781021 1614.795887 1666.012703 1670.623045 1786.856807 1960.269588 1997.166387 2142.941249 2354.467966 2612.560964 2778.980650 3124.038606 3446.233866 3744.430420 3779.207152 4215.339822 4718.756580 4962.494880 5903.802648 6189.490675 6336.693091 7163.475754 8758.322582 11714.85025 12766.31968 14907.01463 18034.79090 26396.73623 32440.29431 35599.54590 45429.78188 54497.63865
