    unsorted:	 0.07757629730 0.07825431927 0.07460415320 0.07073841531 0.06945400579 0.1575974510 32.59535146 182.9717786 179.1608900 139.6534032 620.7364272 513.3003951 1296.128134 1251.802518 1519.670764 1782.721474 2087.672547 2713.508574 2796.212181 2956.992300 3306.859891 3582.292965 4272.271887 4324.443149 4513.824616 5248.290147 5424.632030 5658.056230 6070.167971 6318.589076 7085.441898 7448.251736 7680.103353 8328.285433 8609.675281 8713.299082 8957.350817 9663.508654 10960.68926 12674.29012 12827.03950 13902.91409 14493.83804 15300.95290 15950.27082 17277.58925 20116.03404 24313.21820 29107.77315 34923.46554 41006.24263 43416.66723 54338.88705 133385.8565 617958.4941
      sorted:	 0.06945400579 0.07073841531 0.07460415320 0.07757629730 0.07825431927 0.1575974510 32.59535146 139.6534032 179.1608900 182.9717786 513.3003951 620.7364272 1251.802518 1296.128134 1519.670764 1782.721474 2087.672547 2713.508574 2796.212181 2956.992300 3306.859891 3582.292965 4272.271887 4324.443149 4513.824616 5248.290147 5424.632030 5658.056230 6070.167971 6318.589076 7085.441898 7448.251736 7680.103353 8328.285433 8609.675281 8713.299082 8957.350817 9663.508654 10960.68926 12674.29012 12827.03950 13902.91409 14493.83804 15300.95290 15950.27082 17277.58925 20116.03404 24313.21820 29107.77315 34923.46554 41006.24263 43416.66723 54338.88705 133385.8565 617958.4941
