    unsorted:	 0.08069829939 0.07418389071 0.07114663671 0.07745761242 0.2312519806 1.502117294 8.408195274 10.99400413 134.2647425 107.3497492 177.7089480 333.8486105 607.5194949 683.9820641 784.4328217 1018.334228 1334.557665 1280.044496 1437.366931 2173.718638 2119.031967 2300.442238 3333.719423 3408.136884 3194.267299 2964.805858 3549.455993 3703.549038 3850.161150 4107.341473 4905.085435 4767.929451 5010.402625 5210.521524 5561.270968 5892.906085 6097.927394 6535.237895 6889.196993 7154.193817 8264.403600 8824.989138 9649.353370 10265.82402 10913.72217 11456.25876 12236.52994 13061.93902 15247.15209 16697.02118 19215.33439 22230.73426 28656.23784 36025.44364 40995.52015 40565.56084 94933.24247 279832.5061
      sorted:	 0.07114663671 0.07418389071 0.07745761242 0.08069829939 0.2312519806 1.502117294 8.408195274 10.99400413 107.3497492 134.2647425 177.7089480 333.8486105 607.5194949 683.9820641 784.4328217 1018.334228 1280.044496 1334.557665 1437.366931 2119.031967 2173.718638 2300.442238 2964.805858 3194.267299 3333.719423 3408.136884 3549.455993 3703.549038 3850.161150 4107.341473 4767.929451 4905.085435 5010.402625 5210.521524 5561.270968 5892.906085 6097.927394 6535.237895 6889.196993 7154.193817 8264.403600 8824.989138 9649.353370 10265.82402 10913.72217 11456.25876 12236.52994 13061.93902 15247.15209 16697.02118 19215.33439 22230.73426 28656.23784 36025.44364 40565.56084 40995.52015 94933.24247 279832.5061
