    unsorted:	 0.07338317572 0.07545999970 0.07734053848 0.08577331511 0.005267184990 0.002160981680 1.153437314 12.63207118 35.08323476 184.3821425 242.8306662 309.3534157 490.3818472 808.2760561 871.8854667 902.3025358 656.3167922 1260.892907 1270.362699 1223.352564 1140.950462 1437.520346 1406.747511 1469.569100 1690.652467 1706.626910 1745.057277 1901.507579 2015.683505 2145.690687 2295.342590 2501.516819 2634.951201 2772.045832 2913.466308 3168.618630 3413.439994 3540.052964 4030.187244 4350.860119 4717.046571 5650.446374 5794.967376 6170.040007 6771.897510 7229.576574 9693.206129 11401.74077 11366.20946 12900.40196 15809.45303 18295.59811 20310.71360 28445.48582 32521.31135 40065.76368 40923.16966 60386.66307
      sorted:	 0.002160981680 0.005267184990 0.07338317572 0.07545999970 0.07734053848 0.08577331511 1.153437314 12.63207118 35.08323476 184.3821425 242.8306662 309.3534157 490.3818472 656.3167922 808.2760561 871.8854667 902.3025358 1140.950462 1223.352564 1260.892907 1270.362699 1406.747511 1437.520346 1469.569100 1690.652467 1706.626910 1745.057277 1901.507579 2015.683505 2145.690687 2295.342590 2501.516819 2634.951201 2772.045832 2913.466308 3168.618630 3413.439994 3540.052964 4030.187244 4350.860119 4717.046571 5650.446374 5794.967376 6170.040007 6771.897510 7229.576574 9693.206129 11366.20946 11401.74077 12900.40196 15809.45303 18295.59811 20310.71360 28445.48582 32521.31135 40065.76368 40923.16966 60386.66307
