    unsorted:	 0.004678646759 0.08086968315 0.08420600994 0.07025541521 0.02740452419 0.4637582213 4.243602390 23.62295022 68.39170471 178.8963950 201.3999806 269.1313310 823.2618485 807.0565915 859.1651155 899.0558353 536.6799474 1126.667793 1083.836226 1200.922464 1246.998267 1287.277632 1370.494023 1437.132428 1792.619614 1744.917354 1726.568173 1831.106531 1958.649021 2115.892573 2201.956656 2580.073135 2764.164072 2923.475133 3014.797195 3405.970462 3529.340230 3678.822166 3912.633607 4487.097766 4766.624897 5005.333443 5968.755222 6525.288528 6826.647213 7384.065099 7777.176050 9843.366794 12007.66683 13151.80069 16382.72181 17893.23655 20268.55030 30138.10936 33510.90828 40897.21366 41919.54859 59384.39892
      sorted:	 0.004678646759 0.02740452419 0.07025541521 0.08086968315 0.08420600994 0.4637582213 4.243602390 23.62295022 68.39170471 178.8963950 201.3999806 269.1313310 536.6799474 807.0565915 823.2618485 859.1651155 899.0558353 1083.836226 1126.667793 1200.922464 1246.998267 1287.277632 1370.494023 1437.132428 1726.568173 1744.917354 1792.619614 1831.106531 1958.649021 2115.892573 2201.956656 2580.073135 2764.164072 2923.475133 3014.797195 3405.970462 3529.340230 3678.822166 3912.633607 4487.097766 4766.624897 5005.333443 5968.755222 6525.288528 6826.647213 7384.065099 7777.176050 9843.366794 12007.66683 13151.80069 16382.72181 17893.23655 20268.55030 30138.10936 33510.90828 40897.21366 41919.54859 59384.39892
