    unsorted:	 0.07755995767 0.07773034325 0.07541372435 0.07074426675 0.07002301515 0.1578458376 32.71776173 183.5135679 179.9709614 139.6137795 621.4120545 512.8512521 1296.853370 1253.614162 1549.534653 1785.063332 2091.697029 2718.795990 2804.445445 2957.627223 3311.947477 3581.076240 4281.933207 4330.321085 4538.081107 5254.407797 5465.073202 5715.410623 6102.321356 6359.135854 7094.000629 7492.090286 7724.331668 8394.634461 8760.542618 8846.607382 9032.660244 9765.302121 11016.55333 12784.47105 13226.71239 14110.81179 14658.76611 15366.54081 16018.30488 17458.60561 20435.96908 24979.45409 29328.28024 36175.51143 41006.54416 44149.45696 56337.90305 136913.0376 624064.4537
      sorted:	 0.07002301515 0.07074426675 0.07541372435 0.07755995767 0.07773034325 0.1578458376 32.71776173 139.6137795 179.9709614 183.5135679 512.8512521 621.4120545 1253.614162 1296.853370 1549.534653 1785.063332 2091.697029 2718.795990 2804.445445 2957.627223 3311.947477 3581.076240 4281.933207 4330.321085 4538.081107 5254.407797 5465.073202 5715.410623 6102.321356 6359.135854 7094.000629 7492.090286 7724.331668 8394.634461 8760.542618 8846.607382 9032.660244 9765.302121 11016.55333 12784.47105 13226.71239 14110.81179 14658.76611 15366.54081 16018.30488 17458.60561 20435.96908 24979.45409 29328.28024 36175.51143 41006.54416 44149.45696 56337.90305 136913.0376 624064.4537
