    unsorted:	 0.004953137694 0.005933267868 0.02103652326 0.03414329965 0.1744644120 0.5783414467 0.8742467072 -6.716502141 -10.98628067 16.63312679 -67.13034728 235.9520536 363.9307698 396.4910474 629.0951677 819.0614170 1288.577825 1322.492959 1200.564563 1386.149061 1633.377576 -402.4039912 1932.230563 1929.704862 2895.984944 2897.574764 2846.277203 2396.758839 3466.247332 3480.169321 3608.288084 3646.798625 3794.950861 4010.177769 4046.568081 4124.289190 4477.471002 4515.166319 4746.131779 4797.725061 -1201.621343 5413.575371 5677.929366 6835.420324 7333.224934 7835.277463 8164.026238 8625.239356 10536.62872 11561.89048 13562.30577 15943.81207 18331.80055 19906.65643 23779.49180 28214.30518 39228.92624 40970.01950
      sorted:	 -1201.621343 -402.4039912 -67.13034728 -10.98628067 -6.716502141 0.004953137694 0.005933267868 0.02103652326 0.03414329965 0.1744644120 0.5783414467 0.8742467072 16.63312679 235.9520536 363.9307698 396.4910474 629.0951677 819.0614170 1200.564563 1288.577825 1322.492959 1386.149061 1633.377576 1929.704862 1932.230563 2396.758839 2846.277203 2895.984944 2897.574764 3466.247332 3480.169321 3608.288084 3646.798625 3794.950861 4010.177769 4046.568081 4124.289190 4477.471002 4515.166319 4746.131779 4797.725061 5413.575371 5677.929366 6835.420324 7333.224934 7835.277463 8164.026238 8625.239356 10536.62872 11561.89048 13562.30577 15943.81207 18331.80055 19906.65643 23779.49180 28214.30518 39228.92624 40970.01950
