    unsorted:	 0.07615325092 0.07670682938 0.08092102700 0.07144540244 0.03178514417 0.2132280305 8.262191931 10.41242274 114.5567968 129.9405954 126.9752066 222.3319730 553.9049671 640.3611434 819.4289904 1025.832778 1115.095890 1171.935189 1327.293884 1938.942574 1822.677345 2134.654236 2544.650015 2590.829801 2764.070057 2880.801369 3348.627977 3411.456597 3466.123466 3735.144748 3905.349767 3845.894258 4004.996982 4187.033242 4658.323533 4718.066116 5001.559040 5478.255460 5564.607820 6159.255936 6553.048776 7536.581595 7864.002826 8298.478915 8769.155909 9593.859033 10484.77481 11904.48481 12599.85708 14741.77308 17367.43190 18714.22569 23036.39604 32029.87857 34769.30402 40970.81628 70241.57930 116739.4722
      sorted:	 0.03178514417 0.07144540244 0.07615325092 0.07670682938 0.08092102700 0.2132280305 8.262191931 10.41242274 114.5567968 126.9752066 129.9405954 222.3319730 553.9049671 640.3611434 819.4289904 1025.832778 1115.095890 1171.935189 1327.293884 1822.677345 1938.942574 2134.654236 2544.650015 2590.829801 2764.070057 2880.801369 3348.627977 3411.456597 3466.123466 3735.144748 3845.894258 3905.349767 4004.996982 4187.033242 4658.323533 4718.066116 5001.559040 5478.255460 5564.607820 6159.255936 6553.048776 7536.581595 7864.002826 8298.478915 8769.155909 9593.859033 10484.77481 11904.48481 12599.85708 14741.77308 17367.43190 18714.22569 23036.39604 32029.87857 34769.30402 40970.81628 70241.57930 116739.4722
