    unsorted:	 0.07850203213 0.07786586547 0.07701801738 0.07140385966 0.06736207116 4.739229490 11.82928325 161.9125764 198.1268793 249.6394519 695.2640394 596.0871117 1129.872522 1194.813203 1301.778081 927.4727978 1969.066997 1869.893572 1617.379971 2852.936697 2843.836525 2600.931452 2418.630729 2988.633938 3511.477293 3415.238945 3829.779938 3841.036013 3707.767025 3917.365341 4202.125901 4575.322976 4621.311541 5060.088759 5417.010340 5571.021865 6016.633582 6423.071766 7438.029935 7871.797489 8384.067153 8874.160099 9557.998444 10335.01406 11940.97836 12708.63586 14786.49636 16700.80163 17758.54007 22789.63459 31550.99385 33153.37837 40967.11163 69672.73462 125616.4673
      sorted:	 0.06736207116 0.07140385966 0.07701801738 0.07786586547 0.07850203213 4.739229490 11.82928325 161.9125764 198.1268793 249.6394519 596.0871117 695.2640394 927.4727978 1129.872522 1194.813203 1301.778081 1617.379971 1869.893572 1969.066997 2418.630729 2600.931452 2843.836525 2852.936697 2988.633938 3415.238945 3511.477293 3707.767025 3829.779938 3841.036013 3917.365341 4202.125901 4575.322976 4621.311541 5060.088759 5417.010340 5571.021865 6016.633582 6423.071766 7438.029935 7871.797489 8384.067153 8874.160099 9557.998444 10335.01406 11940.97836 12708.63586 14786.49636 16700.80163 17758.54007 22789.63459 31550.99385 33153.37837 40967.11163 69672.73462 125616.4673
