    unsorted:	 0.004669331042 0.005686976933 0.07692417500 0.07645449274 0.08934120558 0.3090112120 0.4311003670 4.595873552 21.60353459 555.5987780 559.0154746 538.2233965 584.4811462 607.4838996 509.3604303 656.1021609 465.4075088 719.7080485 743.0125141 782.2041369 817.9936503 372.8414367 235.6739866 160.2771632 954.3585805 998.6092770 1190.438140 1318.684595 1254.711021 1394.950329 1493.240896 1591.037298 1765.727760 2169.617474 2367.654054 2432.056440 3079.252802 4238.802009 4619.774350 4929.392756 5084.194376 5259.903908 5591.654197 5916.318916 7589.009084 8393.304987 11744.31045 12692.30677 14682.74850 15852.12139 19043.12904 21986.73854 29538.32651 35470.54075 40900.45783 61813.07208 83183.65254 155355.9386
      sorted:	 0.004669331042 0.005686976933 0.07645449274 0.07692417500 0.08934120558 0.3090112120 0.4311003670 4.595873552 21.60353459 160.2771632 235.6739866 372.8414367 465.4075088 509.3604303 538.2233965 555.5987780 559.0154746 584.4811462 607.4838996 656.1021609 719.7080485 743.0125141 782.2041369 817.9936503 954.3585805 998.6092770 1190.438140 1254.711021 1318.684595 1394.950329 1493.240896 1591.037298 1765.727760 2169.617474 2367.654054 2432.056440 3079.252802 4238.802009 4619.774350 4929.392756 5084.194376 5259.903908 5591.654197 5916.318916 7589.009084 8393.304987 11744.31045 12692.30677 14682.74850 15852.12139 19043.12904 21986.73854 29538.32651 35470.54075 40900.45783 61813.07208 83183.65254 155355.9386
