    unsorted:	 0.004583855069 0.01141523295 0.08021874656 0.08761370631 0.1520676809 0.5780765687 2.260442994 8.978413567 26.05367935 512.1158324 506.4127299 497.7265410 527.1537218 575.4072671 459.3832121 626.6740966 653.2451099 714.5183364 724.2581464 790.4264569 832.2465196 325.1791164 205.6050669 198.0649949 900.6082313 1029.048304 1067.711285 1140.134780 1294.369376 1486.226169 1633.976550 1839.773615 1905.127406 1990.911705 2432.544130 2569.583139 2709.588374 3353.446681 4415.304477 4838.344234 5030.335088 5694.760423 6000.329470 6385.709132 7219.554570 9067.383233 9850.905613 12974.07308 13717.40545 17039.71410 18066.58678 25619.11603 34873.54890 40898.40722 42409.56480 69375.99308 93833.50977 712244.2430
      sorted:	 0.004583855069 0.01141523295 0.08021874656 0.08761370631 0.1520676809 0.5780765687 2.260442994 8.978413567 26.05367935 198.0649949 205.6050669 325.1791164 459.3832121 497.7265410 506.4127299 512.1158324 527.1537218 575.4072671 626.6740966 653.2451099 714.5183364 724.2581464 790.4264569 832.2465196 900.6082313 1029.048304 1067.711285 1140.134780 1294.369376 1486.226169 1633.976550 1839.773615 1905.127406 1990.911705 2432.544130 2569.583139 2709.588374 3353.446681 4415.304477 4838.344234 5030.335088 5694.760423 6000.329470 6385.709132 7219.554570 9067.383233 9850.905613 12974.07308 13717.40545 17039.71410 18066.58678 25619.11603 34873.54890 40898.40722 42409.56480 69375.99308 93833.50977 712244.2430
