    unsorted:	 0.07693737306 0.08914717436 0.01611357890 6.068676906 4.084271332 33.15434529 588.1151240 560.0271271 539.3858309 607.2980056 511.7014332 481.5227179 465.8147106 658.8952832 702.8278687 726.1163076 747.9665056 822.2845305 860.0459161 155.3997283 235.8799170 210.1490926 967.9572115 1140.504443 1230.438051 1271.299664 1290.255924 1424.873524 1558.508761 1672.452496 1803.903015 2242.321593 2446.790315 2625.297556 3154.369017 4219.383073 4811.073911 5043.546024 5507.003504 5659.307478 5960.696006 7769.807581 8567.792892 12677.83330 13672.39216 15132.13093 16380.17314 19564.35512 22436.05062 30457.87208 36720.46230 40903.37792 62326.58277 78302.97087 84741.25548
      sorted:	 0.01611357890 0.07693737306 0.08914717436 4.084271332 6.068676906 33.15434529 155.3997283 210.1490926 235.8799170 465.8147106 481.5227179 511.7014332 539.3858309 560.0271271 588.1151240 607.2980056 658.8952832 702.8278687 726.1163076 747.9665056 822.2845305 860.0459161 967.9572115 1140.504443 1230.438051 1271.299664 1290.255924 1424.873524 1558.508761 1672.452496 1803.903015 2242.321593 2446.790315 2625.297556 3154.369017 4219.383073 4811.073911 5043.546024 5507.003504 5659.307478 5960.696006 7769.807581 8567.792892 12677.83330 13672.39216 15132.13093 16380.17314 19564.35512 22436.05062 30457.87208 36720.46230 40903.37792 62326.58277 78302.97087 84741.25548
