    unsorted:	 0.004605884315 0.01140101186 0.02346906332 0.08024062433 0.08749979078 0.5980777285 2.328042763 8.967601450 24.54495342 522.1736241 507.8510694 494.9447633 570.6046931 462.3202272 622.8441530 648.4878116 695.4718791 716.6400583 724.0461344 404.9331428 785.6968649 204.7526166 200.9723355 883.1915891 903.9557772 1056.454140 1127.139257 1169.258334 1298.640022 1486.879017 1656.375979 1845.818696 1884.146015 1998.643230 2471.903210 2636.252815 2779.434111 3372.595445 4504.398855 4918.258115 5055.958549 5851.390424 6119.753078 6566.500632 7343.721067 9113.744205 9943.746087 13109.59442 14445.95908 17888.09561 18015.18242 25641.92407 34909.33604 40900.25385 42607.10253 46747.38964 69302.01215 93644.14255
      sorted:	 0.004605884315 0.01140101186 0.02346906332 0.08024062433 0.08749979078 0.5980777285 2.328042763 8.967601450 24.54495342 200.9723355 204.7526166 404.9331428 462.3202272 494.9447633 507.8510694 522.1736241 570.6046931 622.8441530 648.4878116 695.4718791 716.6400583 724.0461344 785.6968649 883.1915891 903.9557772 1056.454140 1127.139257 1169.258334 1298.640022 1486.879017 1656.375979 1845.818696 1884.146015 1998.643230 2471.903210 2636.252815 2779.434111 3372.595445 4504.398855 4918.258115 5055.958549 5851.390424 6119.753078 6566.500632 7343.721067 9113.744205 9943.746087 13109.59442 14445.95908 17888.09561 18015.18242 25641.92407 34909.33604 40900.25385 42607.10253 46747.38964 69302.01215 93644.14255
