    unsorted:	 0.08146911229 0.08442253061 0.07007137421 30.12855266 31.71794804 933.9815980 900.0239758 872.7947790 1039.407556 744.0855473 701.0467547 1161.383871 1113.718483 1243.435857 573.6425373 1378.716197 1422.494663 1464.279977 1570.491007 463.5059454 320.1583165 297.7603280 249.2391314 171.4481114 1672.921092 1773.463115 1985.152805 2072.975619 2164.203394 2364.180237 2599.598831 3283.881339 3399.105139 4088.819392 4219.764945 4369.776282 4661.747950 5369.684919 6275.328500 6644.706571 7289.688303 7912.995604 9749.709258 10962.17212 15334.31088 18472.09948 24539.74068 28449.44167 35968.94892 47137.64505 56004.95719
      sorted:	 0.07007137421 0.08146911229 0.08442253061 30.12855266 31.71794804 171.4481114 249.2391314 297.7603280 320.1583165 463.5059454 573.6425373 701.0467547 744.0855473 872.7947790 900.0239758 933.9815980 1039.407556 1113.718483 1161.383871 1243.435857 1378.716197 1422.494663 1464.279977 1570.491007 1672.921092 1773.463115 1985.152805 2072.975619 2164.203394 2364.180237 2599.598831 3283.881339 3399.105139 4088.819392 4219.764945 4369.776282 4661.747950 5369.684919 6275.328500 6644.706571 7289.688303 7912.995604 9749.709258 10962.17212 15334.31088 18472.09948 24539.74068 28449.44167 35968.94892 47137.64505 56004.95719
