    unsorted:	 0.07675471748 0.07699782058 0.08883797675 0.005005127660 0.3116442235 509.4673353 519.8220576 548.8632510 567.0011968 485.9830756 600.7571847 623.4564907 683.7861724 734.6792313 779.0553696 859.5145949 892.4937867 34.24240887 146.2468726 211.8325992 234.8735068 1016.974831 1138.945304 1198.964330 1246.763021 1285.858687 1348.234017 1616.604723 1684.976341 1895.601023 2293.212160 2668.044849 2838.850857 3096.984866 3996.701148 4714.239172 5148.893468 5700.554368 6067.097880 6227.330949 7858.875185 9267.801480 13003.28176 13679.38266 14458.07082 17262.70174 19511.09218 23508.05968 30051.03413 34816.80976 40909.11131 63941.76949 87029.90944 138699.4847 171679.2453
      sorted:	 0.005005127660 0.07675471748 0.07699782058 0.08883797675 0.3116442235 34.24240887 146.2468726 211.8325992 234.8735068 485.9830756 509.4673353 519.8220576 548.8632510 567.0011968 600.7571847 623.4564907 683.7861724 734.6792313 779.0553696 859.5145949 892.4937867 1016.974831 1138.945304 1198.964330 1246.763021 1285.858687 1348.234017 1616.604723 1684.976341 1895.601023 2293.212160 2668.044849 2838.850857 3096.984866 3996.701148 4714.239172 5148.893468 5700.554368 6067.097880 6227.330949 7858.875185 9267.801480 13003.28176 13679.38266 14458.07082 17262.70174 19511.09218 23508.05968 30051.03413 34816.80976 40909.11131 63941.76949 87029.90944 138699.4847 171679.2453
