    unsorted:	 0.004580957322 0.005014870317 0.01144891453 0.08022506899 0.08746682625 0.1607025345 0.5813014607 8.750673505 637.0958654 604.7193352 534.1020270 569.6020582 501.0319086 489.1425164 718.8313214 697.2099705 417.0462033 783.0207797 208.9753887 207.3014205 143.9816028 831.2831739 859.3861169 896.6958120 1048.381238 1106.445438 1204.800344 1297.722627 1529.596555 1675.551490 1886.919998 1942.133530 2230.723669 2489.130626 2718.154404 2805.900926 3726.682860 4086.060643 4727.305626 5080.026151 5269.756528 5884.516922 6171.489976 6648.330466 7324.358800 9208.458642 9462.204683 12810.05126 14450.13512 17844.11761 19875.14192 24490.98636 29808.07889 34597.04518 40910.61739 68229.96910 86979.00703 99281.39563
      sorted:	 0.004580957322 0.005014870317 0.01144891453 0.08022506899 0.08746682625 0.1607025345 0.5813014607 8.750673505 143.9816028 207.3014205 208.9753887 417.0462033 489.1425164 501.0319086 534.1020270 569.6020582 604.7193352 637.0958654 697.2099705 718.8313214 783.0207797 831.2831739 859.3861169 896.6958120 1048.381238 1106.445438 1204.800344 1297.722627 1529.596555 1675.551490 1886.919998 1942.133530 2230.723669 2489.130626 2718.154404 2805.900926 3726.682860 4086.060643 4727.305626 5080.026151 5269.756528 5884.516922 6171.489976 6648.330466 7324.358800 9208.458642 9462.204683 12810.05126 14450.13512 17844.11761 19875.14192 24490.98636 29808.07889 34597.04518 40910.61739 68229.96910 86979.00703 99281.39563
