    unsorted:	 0.004647837995 0.01629644746 0.07294598947 0.07768594654 0.08545147786 0.1426627460 2.329178776 13.95548992 31.98907608 83.02564402 428.7562302 442.4624621 358.5925169 291.1436737 637.2979580 1416.174647 1429.270677 1398.250822 1374.416194 1470.369006 1276.343820 998.0516544 944.1462907 893.4593983 1676.533318 1782.374534 1912.522039 2094.126362 1974.877117 2180.791466 2629.473773 2550.885243 2783.717005 2860.592472 2875.851453 3350.603453 3450.054202 3821.751181 4279.808180 4368.414887 4945.823542 5451.696706 5929.293519 6450.609046 7600.763270 8264.419023 9636.474602 10789.13448 11670.13726 13417.54724 15287.69315 19879.99069 22817.85314 28162.91200 33461.10556 40899.33512 41460.82710 74769.60557
      sorted:	 0.004647837995 0.01629644746 0.07294598947 0.07768594654 0.08545147786 0.1426627460 2.329178776 13.95548992 31.98907608 83.02564402 291.1436737 358.5925169 428.7562302 442.4624621 637.2979580 893.4593983 944.1462907 998.0516544 1276.343820 1374.416194 1398.250822 1416.174647 1429.270677 1470.369006 1676.533318 1782.374534 1912.522039 1974.877117 2094.126362 2180.791466 2550.885243 2629.473773 2783.717005 2860.592472 2875.851453 3350.603453 3450.054202 3821.751181 4279.808180 4368.414887 4945.823542 5451.696706 5929.293519 6450.609046 7600.763270 8264.419023 9636.474602 10789.13448 11670.13726 13417.54724 15287.69315 19879.99069 22817.85314 28162.91200 33461.10556 40899.33512 41460.82710 74769.60557
