    unsorted:	 0.004681617070 0.02726585136 0.07021442459 0.08040909721 0.08431062865 0.4811967435 3.839410361 24.71566614 70.39914302 161.7637131 269.7171482 261.4946352 505.8393638 439.4459256 801.1734838 883.5591398 935.6156745 979.1227661 1170.773024 1133.742139 1253.311904 1334.238318 1435.263531 1487.508161 1604.564230 1719.271635 1956.298813 1989.850480 2111.778614 2181.024428 2471.348322 2764.215595 2836.558903 2964.324609 3261.846471 3384.796496 3591.458581 3852.299923 4209.374318 4562.079999 4879.227515 4978.681232 5515.019682 6825.973984 7312.711249 7750.400740 8229.982524 10620.67878 11403.73358 13805.35568 14951.30290 19292.94117 22421.13660 29907.50972 34389.35200 40912.06229 41602.30104 69044.09462
      sorted:	 0.004681617070 0.02726585136 0.07021442459 0.08040909721 0.08431062865 0.4811967435 3.839410361 24.71566614 70.39914302 161.7637131 261.4946352 269.7171482 439.4459256 505.8393638 801.1734838 883.5591398 935.6156745 979.1227661 1133.742139 1170.773024 1253.311904 1334.238318 1435.263531 1487.508161 1604.564230 1719.271635 1956.298813 1989.850480 2111.778614 2181.024428 2471.348322 2764.215595 2836.558903 2964.324609 3261.846471 3384.796496 3591.458581 3852.299923 4209.374318 4562.079999 4879.227515 4978.681232 5515.019682 6825.973984 7312.711249 7750.400740 8229.982524 10620.67878 11403.73358 13805.35568 14951.30290 19292.94117 22421.13660 29907.50972 34389.35200 40912.06229 41602.30104 69044.09462
