    unsorted:	 0.08039173537 0.08832684201 0.06562367488 0.1673535957 5.712923041 503.6443986 514.1470564 531.2801975 475.2114452 567.6543785 607.6744141 643.7545474 680.0950301 719.4181925 791.7540379 777.3950011 849.2201451 350.0141917 285.2913918 239.3437157 44.83245883 945.1772909 964.0258719 1001.848864 1068.054164 1228.263072 1416.665147 1527.242695 1682.783977 1753.570608 2249.163119 2482.894900 2757.986979 3201.374440 3918.549623 4728.137514 5352.654943 5965.909368 6769.137242 7126.947745 9035.812643 9418.305876 12341.15301 15092.38357 18387.55697 22507.62915 24706.45986 47123.72390 62142.23966 80130.28392 248169.7061
      sorted:	 0.06562367488 0.08039173537 0.08832684201 0.1673535957 5.712923041 44.83245883 239.3437157 285.2913918 350.0141917 475.2114452 503.6443986 514.1470564 531.2801975 567.6543785 607.6744141 643.7545474 680.0950301 719.4181925 777.3950011 791.7540379 849.2201451 945.1772909 964.0258719 1001.848864 1068.054164 1228.263072 1416.665147 1527.242695 1682.783977 1753.570608 2249.163119 2482.894900 2757.986979 3201.374440 3918.549623 4728.137514 5352.654943 5965.909368 6769.137242 7126.947745 9035.812643 9418.305876 12341.15301 15092.38357 18387.55697 22507.62915 24706.45986 47123.72390 62142.23966 80130.28392 248169.7061
