    unsorted:	 0.08073343659 0.07498627903 0.07692318972 0.07114444157 0.008221857333 0.2393275524 1.926426748 2.719484670 11.25242514 134.4735092 107.5763285 176.4590704 606.7635564 686.5497771 784.2727699 1020.706465 1340.794647 1314.342232 1444.266564 2174.019993 2125.928713 2304.984732 3430.865102 3335.159368 3198.958273 3559.068065 2967.482606 3709.522156 3855.955607 4144.356529 4936.505151 4811.790369 5045.237457 5252.050790 5641.378186 5943.456725 6165.597547 6694.653184 6944.879625 7241.739006 8326.181934 8986.286108 9912.235925 10478.78902 10985.14023 11517.39495 12475.19796 13243.85008 15324.98954 17148.04680 19291.33047 22722.34512 29681.39242 36419.58029 40985.93812 42168.69670 98109.60986 288110.2571
      sorted:	 0.008221857333 0.07114444157 0.07498627903 0.07692318972 0.08073343659 0.2393275524 1.926426748 2.719484670 11.25242514 107.5763285 134.4735092 176.4590704 606.7635564 686.5497771 784.2727699 1020.706465 1314.342232 1340.794647 1444.266564 2125.928713 2174.019993 2304.984732 2967.482606 3198.958273 3335.159368 3430.865102 3559.068065 3709.522156 3855.955607 4144.356529 4811.790369 4936.505151 5045.237457 5252.050790 5641.378186 5943.456725 6165.597547 6694.653184 6944.879625 7241.739006 8326.181934 8986.286108 9912.235925 10478.78902 10985.14023 11517.39495 12475.19796 13243.85008 15324.98954 17148.04680 19291.33047 22722.34512 29681.39242 36419.58029 40985.93812 42168.69670 98109.60986 288110.2571
