    unsorted:	 0.07762432927 0.07761261254 0.07564279396 0.07079134863 0.06991572804 11.07158119 26.96207130 181.1433848 190.7350921 142.1824319 515.8486628 624.7422422 1292.573570 1242.538610 1758.368967 1555.785047 2039.946165 2721.536140 2780.180555 2931.764181 3312.863309 3549.190808 4199.961723 4252.056136 4462.891857 5156.558279 5377.533304 5593.215618 6002.713362 6264.537933 6952.460500 7296.845064 7562.548231 8207.870901 8663.067564 8725.931985 8868.176103 9621.926200 10805.08173 12764.37462 13041.58912 13797.62136 14360.68519 15210.74815 15764.12843 17158.73885 20096.46852 24470.43241 28941.68086 35436.89003 41005.67036 43307.70584 53910.80417 127957.6186 534575.1705
      sorted:	 0.06991572804 0.07079134863 0.07564279396 0.07761261254 0.07762432927 11.07158119 26.96207130 142.1824319 181.1433848 190.7350921 515.8486628 624.7422422 1242.538610 1292.573570 1555.785047 1758.368967 2039.946165 2721.536140 2780.180555 2931.764181 3312.863309 3549.190808 4199.961723 4252.056136 4462.891857 5156.558279 5377.533304 5593.215618 6002.713362 6264.537933 6952.460500 7296.845064 7562.548231 8207.870901 8663.067564 8725.931985 8868.176103 9621.926200 10805.08173 12764.37462 13041.58912 13797.62136 14360.68519 15210.74815 15764.12843 17158.73885 20096.46852 24470.43241 28941.68086 35436.89003 41005.67036 43307.70584 53910.80417 127957.6186 534575.1705
