    unsorted:	 0.07137269366 0.07296495599 0.08072815531 0.07864230801 0.05354132243 0.1728108888 48.52326756 120.7638745 122.8162634 142.5461641 215.1195126 394.1597253 435.8675592 595.5256624 632.0907241 814.3648369 1015.500652 1181.300476 1186.330124 1242.593677 2010.908852 1900.657317 2201.166099 2655.400776 2706.979334 3035.131523 3431.084468 3388.147836 3774.545423 3979.994760 4033.964036 4136.384411 4290.257352 4627.436947 4837.360153 4864.106820 5026.620372 5701.891216 6310.752938 6731.559127 7793.129981 8021.212255 8751.558358 9611.404969 9874.122314 11115.28245 12328.45976 13186.57231 16419.36514 18702.87452 21659.26390 29910.68867 34128.73439 43889.04260 65241.11210 155411.7208
      sorted:	 0.05354132243 0.07137269366 0.07296495599 0.07864230801 0.08072815531 0.1728108888 48.52326756 120.7638745 122.8162634 142.5461641 215.1195126 394.1597253 435.8675592 595.5256624 632.0907241 814.3648369 1015.500652 1181.300476 1186.330124 1242.593677 1900.657317 2010.908852 2201.166099 2655.400776 2706.979334 3035.131523 3388.147836 3431.084468 3774.545423 3979.994760 4033.964036 4136.384411 4290.257352 4627.436947 4837.360153 4864.106820 5026.620372 5701.891216 6310.752938 6731.559127 7793.129981 8021.212255 8751.558358 9611.404969 9874.122314 11115.28245 12328.45976 13186.57231 16419.36514 18702.87452 21659.26390 29910.68867 34128.73439 43889.04260 65241.11210 155411.7208
