    unsorted:	 0.07913523428 0.07873381720 0.07281272839 0.07100939832 0.02909200026 0.004807258638 0.6355195302 1.270254954 6.719375486 119.5307872 125.3897432 249.9009682 431.8391832 505.7529920 541.5708051 588.2020056 709.5121556 1185.820954 1191.299434 1254.529560 1283.933918 1866.900562 2029.161884 2681.463519 2423.591321 2840.603442 3071.088266 3389.282531 3553.892718 3931.529748 3920.850650 3793.786883 4140.125164 4437.533493 4602.490359 4669.733137 4815.359874 5500.333946 5955.906273 6479.958475 6952.533131 7731.240567 8448.750435 8606.208151 9563.428119 10891.69406 11753.66188 12149.82035 15913.71272 16958.81204 20861.46577 27923.23249 31243.90311 43885.22588 55632.91037 121399.8088
      sorted:	 0.004807258638 0.02909200026 0.07100939832 0.07281272839 0.07873381720 0.07913523428 0.6355195302 1.270254954 6.719375486 119.5307872 125.3897432 249.9009682 431.8391832 505.7529920 541.5708051 588.2020056 709.5121556 1185.820954 1191.299434 1254.529560 1283.933918 1866.900562 2029.161884 2423.591321 2681.463519 2840.603442 3071.088266 3389.282531 3553.892718 3793.786883 3920.850650 3931.529748 4140.125164 4437.533493 4602.490359 4669.733137 4815.359874 5500.333946 5955.906273 6479.958475 6952.533131 7731.240567 8448.750435 8606.208151 9563.428119 10891.69406 11753.66188 12149.82035 15913.71272 16958.81204 20861.46577 27923.23249 31243.90311 43885.22588 55632.91037 121399.8088
