    unsorted:	 0.07108163721 0.07167300997 0.08057911558 0.07869798736 0.04788960218 0.1313237646 13.14839481 22.99053862 79.13347563 138.5903821 104.6292462 161.5036303 457.1697917 601.0041271 775.9962910 729.7420317 1006.639487 1172.297970 1433.103333 1548.044038 2391.722331 2463.712725 2216.829932 3011.720193 3298.251734 3360.513844 3631.623195 3834.189562 3896.742022 4719.813487 5094.690669 5244.868111 5479.889718 5716.936847 5859.295861 6169.919505 6351.404743 7110.940598 7224.216310 8562.660269 8846.678551 10397.32020 11289.30088 11473.15322 11762.35447 13075.96621 14316.84249 15774.50617 19225.47047 21455.20228 26705.06056 35260.17093 40728.20686 43908.58354 90729.96255 359233.6080
      sorted:	 0.04788960218 0.07108163721 0.07167300997 0.07869798736 0.08057911558 0.1313237646 13.14839481 22.99053862 79.13347563 104.6292462 138.5903821 161.5036303 457.1697917 601.0041271 729.7420317 775.9962910 1006.639487 1172.297970 1433.103333 1548.044038 2216.829932 2391.722331 2463.712725 3011.720193 3298.251734 3360.513844 3631.623195 3834.189562 3896.742022 4719.813487 5094.690669 5244.868111 5479.889718 5716.936847 5859.295861 6169.919505 6351.404743 7110.940598 7224.216310 8562.660269 8846.678551 10397.32020 11289.30088 11473.15322 11762.35447 13075.96621 14316.84249 15774.50617 19225.47047 21455.20228 26705.06056 35260.17093 40728.20686 43908.58354 90729.96255 359233.6080
