    unsorted:	 0.06951765082 0.06975763077 0.06617858554 0.07831396969 0.07914269226 0.3863336904 29.69690287 80.40259496 90.02279809 143.5781185 499.1973797 537.5410341 634.5907238 821.6617908 1135.107197 1147.535911 1860.426537 2189.876846 2659.933747 2726.702847 3021.226874 3259.144958 3449.052020 3960.539397 4384.805681 5154.582487 5425.211565 5937.076524 6198.459686 6864.098026 7308.949401 7176.195982 7658.762352 7833.141030 8462.501143 8987.146325 9014.257546 10926.31045 11565.96267 13048.65459 14368.85978 15178.84453 15430.37866 16349.31287 18639.35792 22172.48554 28441.08937 30292.25003 43927.13498 42210.19634 50288.35962 111512.4551 571525.6713
      sorted:	 0.06617858554 0.06951765082 0.06975763077 0.07831396969 0.07914269226 0.3863336904 29.69690287 80.40259496 90.02279809 143.5781185 499.1973797 537.5410341 634.5907238 821.6617908 1135.107197 1147.535911 1860.426537 2189.876846 2659.933747 2726.702847 3021.226874 3259.144958 3449.052020 3960.539397 4384.805681 5154.582487 5425.211565 5937.076524 6198.459686 6864.098026 7176.195982 7308.949401 7658.762352 7833.141030 8462.501143 8987.146325 9014.257546 10926.31045 11565.96267 13048.65459 14368.85978 15178.84453 15430.37866 16349.31287 18639.35792 22172.48554 28441.08937 30292.25003 42210.19634 43927.13498 50288.35962 111512.4551 571525.6713
