    unsorted:	 0.004698750827 0.08088698639 0.08423307051 0.07071561394 0.02771916257 0.4858496103 4.716860773 22.40146585 94.22756603 148.0746531 183.5579995 265.5095913 867.7104239 850.8708953 797.8700311 749.3887008 1009.740583 1038.542796 1089.086162 1167.432756 1238.359944 1268.938988 1282.600551 575.4094227 1534.154416 1560.031470 1608.721482 1707.513472 1727.399501 1861.109184 1962.618285 2288.372900 2510.236161 2563.632029 2652.427899 3031.623611 3084.964690 3451.169614 3812.448393 4127.787909 4397.556534 4723.530551 5149.372595 5818.438727 6029.993139 6602.776619 7496.824591 8695.992140 11095.90977 11972.00431 14621.76747 15452.55808 18157.79362 28693.08678 32255.54762 37028.08850 40896.64392 47573.87294
      sorted:	 0.004698750827 0.02771916257 0.07071561394 0.08088698639 0.08423307051 0.4858496103 4.716860773 22.40146585 94.22756603 148.0746531 183.5579995 265.5095913 575.4094227 749.3887008 797.8700311 850.8708953 867.7104239 1009.740583 1038.542796 1089.086162 1167.432756 1238.359944 1268.938988 1282.600551 1534.154416 1560.031470 1608.721482 1707.513472 1727.399501 1861.109184 1962.618285 2288.372900 2510.236161 2563.632029 2652.427899 3031.623611 3084.964690 3451.169614 3812.448393 4127.787909 4397.556534 4723.530551 5149.372595 5818.438727 6029.993139 6602.776619 7496.824591 8695.992140 11095.90977 11972.00431 14621.76747 15452.55808 18157.79362 28693.08678 32255.54762 37028.08850 40896.64392 47573.87294
