    unsorted:	 0.07341656329 0.07759663375 0.08578420970 6.958362988 13.99267398 25.02912833 58.39097535 213.5221153 186.9236682 313.1490258 525.5942327 751.6118573 686.1998757 821.5602670 843.5194306 1143.704798 1150.655542 1109.656977 1036.887127 1310.577017 1351.804347 1487.430220 1531.127776 1550.882564 1572.372389 1685.220837 1850.761148 1987.985591 2138.531241 2291.172965 2503.823341 2843.263885 2780.930390 3005.533195 3136.873420 3665.368264 3988.655411 4318.104028 5142.918794 5450.774569 5736.111028 5918.013557 6375.784684 8368.178325 10457.43296 10816.27243 12094.13553 14765.21690 15660.39080 18343.59994 27349.72205 31563.67188 35623.05061 40889.92843 47748.31145
      sorted:	 0.07341656329 0.07759663375 0.08578420970 6.958362988 13.99267398 25.02912833 58.39097535 186.9236682 213.5221153 313.1490258 525.5942327 686.1998757 751.6118573 821.5602670 843.5194306 1036.887127 1109.656977 1143.704798 1150.655542 1310.577017 1351.804347 1487.430220 1531.127776 1550.882564 1572.372389 1685.220837 1850.761148 1987.985591 2138.531241 2291.172965 2503.823341 2780.930390 2843.263885 3005.533195 3136.873420 3665.368264 3988.655411 4318.104028 5142.918794 5450.774569 5736.111028 5918.013557 6375.784684 8368.178325 10457.43296 10816.27243 12094.13553 14765.21690 15660.39080 18343.59994 27349.72205 31563.67188 35623.05061 40889.92843 47748.31145
