    unsorted:	 0.07143271259 0.07787259552 0.05709001748 0.08533586286 0.005491981945 0.001091178144 13.45684473 15.66540214 26.87413028 118.9525852 246.3053393 278.5326686 484.6818633 445.8809946 667.3521888 837.7045168 883.4789784 936.2001675 1271.046279 1253.648102 1309.478664 1205.691325 1150.350401 1502.820996 1726.239265 1739.694470 1629.978382 1799.762772 1941.530385 2155.971983 2264.874432 2414.637665 2536.015847 2757.854481 2942.460007 2993.751780 3371.700145 3757.590342 4279.776602 4718.110551 5145.453483 5775.979734 6276.546966 7134.408734 7267.860660 7991.482058 9970.803406 11458.72125 13182.25192 16714.47298 19916.22341 26641.71234 32242.33150 36297.83838 43825.68004 60664.12931
      sorted:	 0.001091178144 0.005491981945 0.05709001748 0.07143271259 0.07787259552 0.08533586286 13.45684473 15.66540214 26.87413028 118.9525852 246.3053393 278.5326686 445.8809946 484.6818633 667.3521888 837.7045168 883.4789784 936.2001675 1150.350401 1205.691325 1253.648102 1271.046279 1309.478664 1502.820996 1629.978382 1726.239265 1739.694470 1799.762772 1941.530385 2155.971983 2264.874432 2414.637665 2536.015847 2757.854481 2942.460007 2993.751780 3371.700145 3757.590342 4279.776602 4718.110551 5145.453483 5775.979734 6276.546966 7134.408734 7267.860660 7991.482058 9970.803406 11458.72125 13182.25192 16714.47298 19916.22341 26641.71234 32242.33150 36297.83838 43825.68004 60664.12931
