    unsorted:	 0.004685280064 0.08061024235 0.07031210717 0.08459005793 0.02743639271 0.4796470734 4.214556183 26.73291441 105.7901257 176.8016796 269.9799681 254.0107607 444.7516487 538.1514193 829.9288693 837.7144362 880.0459184 929.4342336 1217.019396 1237.996830 1271.127396 1122.926421 1366.233030 1451.371268 1762.594259 1784.596224 1679.773616 1874.408705 1954.155583 2217.540887 2512.942743 2560.570349 2766.384188 2932.046415 3041.734382 3423.192144 3670.297888 3875.124692 4460.203558 4709.312882 4941.317225 6126.204906 6399.477307 7207.803677 7380.657023 8279.522847 9755.469046 12747.44367 13105.13498 16898.63385 19791.52091 28088.70235 33161.30914 37535.83810 43831.83030 59128.07301
      sorted:	 0.004685280064 0.02743639271 0.07031210717 0.08061024235 0.08459005793 0.4796470734 4.214556183 26.73291441 105.7901257 176.8016796 254.0107607 269.9799681 444.7516487 538.1514193 829.9288693 837.7144362 880.0459184 929.4342336 1122.926421 1217.019396 1237.996830 1271.127396 1366.233030 1451.371268 1679.773616 1762.594259 1784.596224 1874.408705 1954.155583 2217.540887 2512.942743 2560.570349 2766.384188 2932.046415 3041.734382 3423.192144 3670.297888 3875.124692 4460.203558 4709.312882 4941.317225 6126.204906 6399.477307 7207.803677 7380.657023 8279.522847 9755.469046 12747.44367 13105.13498 16898.63385 19791.52091 28088.70235 33161.30914 37535.83810 43831.83030 59128.07301
