    unsorted:	 0.07892790675 0.07133110809 0.07704405318 0.06130803414 1035.370500 1022.372741 1003.334200 1111.549480 1172.128005 1217.532804 831.8865696 35.15284576 168.0921577 129.1885776 310.9289161 388.0414105 497.8853249 1455.155610 1998.809316 2621.685783 2774.527958 2553.087035 2860.108975 2952.479545 3181.011025 3330.079891 3476.148852 4204.569642 4267.478324 4325.546739 4552.765678 4899.514560 4942.301734 5304.227304 5497.807794 5825.296534 6660.811454 7010.724036 7632.460173 8740.886338 9215.044322 11618.91868 12293.78628 15165.50555 17708.17333 25534.43733 30907.02231 41865.47624 47214.76700 53707.41139 254252.9347
      sorted:	 0.06130803414 0.07133110809 0.07704405318 0.07892790675 35.15284576 129.1885776 168.0921577 310.9289161 388.0414105 497.8853249 831.8865696 1003.334200 1022.372741 1035.370500 1111.549480 1172.128005 1217.532804 1455.155610 1998.809316 2553.087035 2621.685783 2774.527958 2860.108975 2952.479545 3181.011025 3330.079891 3476.148852 4204.569642 4267.478324 4325.546739 4552.765678 4899.514560 4942.301734 5304.227304 5497.807794 5825.296534 6660.811454 7010.724036 7632.460173 8740.886338 9215.044322 11618.91868 12293.78628 15165.50555 17708.17333 25534.43733 30907.02231 41865.47624 47214.76700 53707.41139 254252.9347
