    unsorted:	 0.08001461227 0.08773878585 0.06809927355 0.2099326844 5.014278028 512.1019412 523.1482903 501.0691310 564.4015307 606.3410855 646.2129440 669.1979144 738.8154471 789.6975156 428.5979910 834.7906909 871.8151851 942.5495386 973.7184721 208.3109005 222.9754639 62.61447096 1067.360286 1128.013591 1211.005711 1404.533794 1636.216955 1787.496399 1899.264809 2142.192884 2151.770115 2467.661952 3320.804731 3528.849683 4484.360426 5052.667442 5877.910559 6420.761328 7038.994934 7901.537894 9548.546319 11263.48935 15083.41755 17320.60601 18548.45000 25165.49227 29006.81344 47140.40322 66472.48964 88621.86456 144044.8720
      sorted:	 0.06809927355 0.08001461227 0.08773878585 0.2099326844 5.014278028 62.61447096 208.3109005 222.9754639 428.5979910 501.0691310 512.1019412 523.1482903 564.4015307 606.3410855 646.2129440 669.1979144 738.8154471 789.6975156 834.7906909 871.8151851 942.5495386 973.7184721 1067.360286 1128.013591 1211.005711 1404.533794 1636.216955 1787.496399 1899.264809 2142.192884 2151.770115 2467.661952 3320.804731 3528.849683 4484.360426 5052.667442 5877.910559 6420.761328 7038.994934 7901.537894 9548.546319 11263.48935 15083.41755 17320.60601 18548.45000 25165.49227 29006.81344 47140.40322 66472.48964 88621.86456 144044.8720
