    unsorted:	 0.004690247808 0.005515648632 0.02959119229 0.07669086086 0.08889268756 0.3991286953 1.447959812 2.640857091 22.57688592 141.7985802 516.5724144 524.9565036 547.5342944 571.2477746 490.1571178 608.4304099 628.2156536 692.3326056 748.4357080 787.5407394 798.2957593 876.9220683 916.0657142 221.8846231 1036.299585 1205.696226 1241.146848 1274.789118 1356.448933 1506.470243 1689.159460 1827.944348 1952.010109 2402.455333 2751.684701 2954.579651 3309.576187 4197.073148 4863.812021 5204.662240 5394.762353 5789.367543 6234.101782 6409.999642 8148.911902 9566.287408 13923.72381 14464.77901 15868.89995 17832.63340 20152.05345 24398.84029 32634.75123 37199.55076 40915.24725 64705.67993 74140.96846 90548.06941
      sorted:	 0.004690247808 0.005515648632 0.02959119229 0.07669086086 0.08889268756 0.3991286953 1.447959812 2.640857091 22.57688592 141.7985802 221.8846231 490.1571178 516.5724144 524.9565036 547.5342944 571.2477746 608.4304099 628.2156536 692.3326056 748.4357080 787.5407394 798.2957593 876.9220683 916.0657142 1036.299585 1205.696226 1241.146848 1274.789118 1356.448933 1506.470243 1689.159460 1827.944348 1952.010109 2402.455333 2751.684701 2954.579651 3309.576187 4197.073148 4863.812021 5204.662240 5394.762353 5789.367543 6234.101782 6409.999642 8148.911902 9566.287408 13923.72381 14464.77901 15868.89995 17832.63340 20152.05345 24398.84029 32634.75123 37199.55076 40915.24725 64705.67993 74140.96846 90548.06941
