    unsorted:	 0.004580900684 0.005002595130 0.01144912199 0.08022613420 0.08746641280 0.1606148297 0.5813185409 8.750696562 637.0958782 604.7194002 534.1020753 569.6019622 501.0319552 489.1425518 718.8313211 697.2099451 417.0461968 783.0207258 208.9753320 207.3013705 143.9810831 831.2838091 859.3861032 896.6957839 1048.381223 1106.445348 1204.800259 1297.722594 1529.596565 1675.551577 1886.919882 1942.133535 2230.724002 2489.130053 2718.154226 2805.900986 3726.681534 4086.060328 4727.306134 5080.022031 5269.731764 5884.517004 6171.491165 6648.330582 7324.360152 9208.461089 9462.211656 12810.05225 14450.14594 17844.11815 19875.13209 24490.98677 29808.27284 34597.14466 40910.61752 68229.97077 86980.93932 99296.97301
      sorted:	 0.004580900684 0.005002595130 0.01144912199 0.08022613420 0.08746641280 0.1606148297 0.5813185409 8.750696562 143.9810831 207.3013705 208.9753320 417.0461968 489.1425518 501.0319552 534.1020753 569.6019622 604.7194002 637.0958782 697.2099451 718.8313211 783.0207258 831.2838091 859.3861032 896.6957839 1048.381223 1106.445348 1204.800259 1297.722594 1529.596565 1675.551577 1886.919882 1942.133535 2230.724002 2489.130053 2718.154226 2805.900986 3726.681534 4086.060328 4727.306134 5080.022031 5269.731764 5884.517004 6171.491165 6648.330582 7324.360152 9208.461089 9462.211656 12810.05225 14450.14594 17844.11815 19875.13209 24490.98677 29808.27284 34597.14466 40910.61752 68229.97077 86980.93932 99296.97301
