    unsorted:	 0.08179817283 0.08452005571 0.07053567487 28.58486410 31.77156543 933.8614734 973.9400960 877.1471698 867.0812021 1075.775606 1084.092975 1150.443363 698.9392932 666.0716157 607.6535817 1259.542310 1296.723601 1343.566922 444.3015116 320.7449478 283.5365412 261.6235116 206.9532965 1503.528328 1703.430229 1727.116282 1805.060865 1892.669872 1952.327005 2097.807584 2332.371153 2935.414416 3183.634432 3780.330654 3998.705296 4094.683472 4297.494767 4950.009665 5825.189416 6192.700933 6994.250154 7359.058620 9358.072700 10389.43137 14456.77337 16178.49728 23320.41725 27805.27951 34750.77625 47124.23488 46455.14141
      sorted:	 0.07053567487 0.08179817283 0.08452005571 28.58486410 31.77156543 206.9532965 261.6235116 283.5365412 320.7449478 444.3015116 607.6535817 666.0716157 698.9392932 867.0812021 877.1471698 933.8614734 973.9400960 1075.775606 1084.092975 1150.443363 1259.542310 1296.723601 1343.566922 1503.528328 1703.430229 1727.116282 1805.060865 1892.669872 1952.327005 2097.807584 2332.371153 2935.414416 3183.634432 3780.330654 3998.705296 4094.683472 4297.494767 4950.009665 5825.189416 6192.700933 6994.250154 7359.058620 9358.072700 10389.43137 14456.77337 16178.49728 23320.41725 27805.27951 34750.77625 46455.14141 47124.23488
