    unsorted:	 0.004568151216 0.01176995576 0.08031672587 0.08791552684 0.1448537041 0.5926542965 2.433079048 8.320915762 568.9769764 561.9863758 603.0365934 540.6195225 632.6202553 638.4127033 503.1023293 495.8901838 692.2833378 431.7985850 241.6314615 223.8277278 319.3147194 168.7435997 765.2176777 847.7114990 870.9652781 1000.429840 1033.843157 1171.512878 1255.630356 1329.037511 1530.962783 1680.510147 1922.829923 2045.892562 2190.770131 2421.776161 2963.331652 3286.684614 3717.427185 4449.969886 4688.031737 4983.906870 5863.668110 6198.093004 6780.937620 7077.539000 8130.846762 9398.759125 10358.43088 11563.92973 15853.45478 19509.46097 22656.46776 28929.71430 35628.01390 40915.21125 65896.82700 83669.09619
      sorted:	 0.004568151216 0.01176995576 0.08031672587 0.08791552684 0.1448537041 0.5926542965 2.433079048 8.320915762 168.7435997 223.8277278 241.6314615 319.3147194 431.7985850 495.8901838 503.1023293 540.6195225 561.9863758 568.9769764 603.0365934 632.6202553 638.4127033 692.2833378 765.2176777 847.7114990 870.9652781 1000.429840 1033.843157 1171.512878 1255.630356 1329.037511 1530.962783 1680.510147 1922.829923 2045.892562 2190.770131 2421.776161 2963.331652 3286.684614 3717.427185 4449.969886 4688.031737 4983.906870 5863.668110 6198.093004 6780.937620 7077.539000 8130.846762 9398.759125 10358.43088 11563.92973 15853.45478 19509.46097 22656.46776 28929.71430 35628.01390 40915.21125 65896.82700 83669.09619
