    unsorted:	 0.004666823954 0.005021097597 0.005710732469 0.07765890457 0.07353963280 0.08848770760 0.2911902262 0.4260613492 22.00099182 618.4968006 641.4483562 587.5411958 547.2358096 526.7277885 504.2426264 666.3209683 697.8978887 468.1499128 404.0748125 791.9920389 863.7647593 889.4162310 158.8032730 224.1107178 1013.491242 1092.015259 1193.407520 1290.867103 1322.785507 1450.632920 1576.868550 1754.552365 1984.381006 2248.052251 2514.047554 2942.927666 3357.164903 4269.602273 4574.725664 5017.751299 5266.787669 5539.400186 5951.649455 7035.586653 8356.718813 10675.42863 11683.27450 12422.98644 15977.96282 18799.30240 21959.28265 28811.58147 35887.93936 40912.96631 62280.77245 84798.95065 133988.7756 179569.5897
      sorted:	 0.004666823954 0.005021097597 0.005710732469 0.07353963280 0.07765890457 0.08848770760 0.2911902262 0.4260613492 22.00099182 158.8032730 224.1107178 404.0748125 468.1499128 504.2426264 526.7277885 547.2358096 587.5411958 618.4968006 641.4483562 666.3209683 697.8978887 791.9920389 863.7647593 889.4162310 1013.491242 1092.015259 1193.407520 1290.867103 1322.785507 1450.632920 1576.868550 1754.552365 1984.381006 2248.052251 2514.047554 2942.927666 3357.164903 4269.602273 4574.725664 5017.751299 5266.787669 5539.400186 5951.649455 7035.586653 8356.718813 10675.42863 11683.27450 12422.98644 15977.96282 18799.30240 21959.28265 28811.58147 35887.93936 40912.96631 62280.77245 84798.95065 133988.7756 179569.5897
