    unsorted:	 0.004689841074 0.02729676634 0.07021063040 0.08041438572 0.08454329357 0.4921390390 3.866784241 26.09185535 78.37915456 163.4910808 269.3289747 294.6293230 509.6408813 444.8190697 806.6750280 875.6477125 927.3662912 972.0884577 1178.704878 1174.059095 1312.929492 1373.449344 1468.254228 1585.994335 1709.007673 1931.962650 1951.413543 2036.937023 2156.263075 2487.727441 2778.121442 2799.377919 2957.113298 3321.377346 3362.169213 3593.934359 3852.311949 4182.452438 4569.195451 4947.759524 5450.852912 6562.194964 7051.976547 7632.343161 8119.376134 9147.047944 10504.20167 13265.08379 13952.70938 18899.18823 22169.46029 29095.74502 34171.16640 39688.08192 43845.39603 66812.10551
      sorted:	 0.004689841074 0.02729676634 0.07021063040 0.08041438572 0.08454329357 0.4921390390 3.866784241 26.09185535 78.37915456 163.4910808 269.3289747 294.6293230 444.8190697 509.6408813 806.6750280 875.6477125 927.3662912 972.0884577 1174.059095 1178.704878 1312.929492 1373.449344 1468.254228 1585.994335 1709.007673 1931.962650 1951.413543 2036.937023 2156.263075 2487.727441 2778.121442 2799.377919 2957.113298 3321.377346 3362.169213 3593.934359 3852.311949 4182.452438 4569.195451 4947.759524 5450.852912 6562.194964 7051.976547 7632.343161 8119.376134 9147.047944 10504.20167 13265.08379 13952.70938 18899.18823 22169.46029 29095.74502 34171.16640 39688.08192 43845.39603 66812.10551
