    unsorted:	 0.004639172214 0.01612081468 0.07767794575 0.05707307729 0.06519023707 0.08524405340 0.1429975818 3.497273461 14.69332618 26.23240275 429.0584429 447.8055874 247.1167586 324.3156980 637.1723648 890.2153765 929.0077216 998.1742623 1370.882589 1313.107732 1422.562975 1221.120737 1669.930016 1657.659324 1892.053576 1940.828821 2010.076535 2175.610571 2378.291238 2533.795782 2640.531484 2715.758016 2816.869247 3339.442907 3379.171817 3767.471832 4192.549328 4359.901840 4761.685424 5430.966607 6077.271203 7060.915339 7564.818524 8131.890061 9018.629379 11117.06125 12020.38113 14781.05411 19046.07995 22746.44339 27513.63009 33179.58700 39767.68437 43840.36508 72376.79441 903623.5345
      sorted:	 0.004639172214 0.01612081468 0.05707307729 0.06519023707 0.07767794575 0.08524405340 0.1429975818 3.497273461 14.69332618 26.23240275 247.1167586 324.3156980 429.0584429 447.8055874 637.1723648 890.2153765 929.0077216 998.1742623 1221.120737 1313.107732 1370.882589 1422.562975 1657.659324 1669.930016 1892.053576 1940.828821 2010.076535 2175.610571 2378.291238 2533.795782 2640.531484 2715.758016 2816.869247 3339.442907 3379.171817 3767.471832 4192.549328 4359.901840 4761.685424 5430.966607 6077.271203 7060.915339 7564.818524 8131.890061 9018.629379 11117.06125 12020.38113 14781.05411 19046.07995 22746.44339 27513.63009 33179.58700 39767.68437 43840.36508 72376.79441 903623.5345
