    unsorted:	 0.08123781258 0.08430061975 0.06970478942 31.30797594 31.60544426 146.2406063 221.7485891 315.1812414 322.8772129 478.6583687 546.8476492 724.7990539 779.6768247 831.1338194 912.8949224 988.3581470 1086.590845 1131.703031 1224.437964 1308.241732 1437.009602 1476.893459 1539.282884 1565.303836 1767.417957 1879.612764 2138.481705 2256.916154 2354.448837 2627.011681 2853.379699 3432.884394 3722.186557 4053.950425 4423.701788 4788.134845 4961.850414 5821.143279 6668.856268 6921.786870 7529.236834 8660.226464 9865.660964 11587.40354 16060.96384 20408.15518 24450.38620 28047.95849 36240.37979 47147.95552 61534.12985
      sorted:	 0.06970478942 0.08123781258 0.08430061975 31.30797594 31.60544426 146.2406063 221.7485891 315.1812414 322.8772129 478.6583687 546.8476492 724.7990539 779.6768247 831.1338194 912.8949224 988.3581470 1086.590845 1131.703031 1224.437964 1308.241732 1437.009602 1476.893459 1539.282884 1565.303836 1767.417957 1879.612764 2138.481705 2256.916154 2354.448837 2627.011681 2853.379699 3432.884394 3722.186557 4053.950425 4423.701788 4788.134845 4961.850414 5821.143279 6668.856268 6921.786870 7529.236834 8660.226464 9865.660964 11587.40354 16060.96384 20408.15518 24450.38620 28047.95849 36240.37979 47147.95552 61534.12985
