    unsorted:	 0.07764730788 0.07764590164 0.07558550535 0.06971940991 0.06706743340 0.05911999416 0.02089598841 0.004500970123 0.2551595403 0.9094102761 27.63757217 181.6027999 142.5289795 516.2412879 624.4512279 1853.278975 1770.040692 2046.707192 1553.140875 1259.308929 2959.528481 2935.927929 2736.384297 3306.728444 4412.268211 4224.049804 4043.263107 5100.023936 5297.298100 5404.104424 5973.210437 6124.282899 6975.994020 7214.992828 7482.955811 8186.994243 8650.925670 8683.327885 8813.655163 9598.516562 10774.46374 12920.52558 13581.45821 13825.75754 14450.13384 15266.15444 15766.72538 17143.64872 19888.59250 24340.05772 28873.73844 35276.35720 41004.28042 42868.12950 52874.99810 126328.9714 517445.0676 25845334.69
      sorted:	 0.004500970123 0.02089598841 0.05911999416 0.06706743340 0.06971940991 0.07558550535 0.07764590164 0.07764730788 0.2551595403 0.9094102761 27.63757217 142.5289795 181.6027999 516.2412879 624.4512279 1259.308929 1553.140875 1770.040692 1853.278975 2046.707192 2736.384297 2935.927929 2959.528481 3306.728444 4043.263107 4224.049804 4412.268211 5100.023936 5297.298100 5404.104424 5973.210437 6124.282899 6975.994020 7214.992828 7482.955811 8186.994243 8650.925670 8683.327885 8813.655163 9598.516562 10774.46374 12920.52558 13581.45821 13825.75754 14450.13384 15266.15444 15766.72538 17143.64872 19888.59250 24340.05772 28873.73844 35276.35720 41004.28042 42868.12950 52874.99810 126328.9714 517445.0676 25845334.69
