    unsorted:	 0.08039317836 0.07698494499 0.07374724417 0.06220455679 0.03018657593 0.007250528936 8.419054788 12.83996252 22.58046595 89.74010086 147.7083738 254.7575519 639.6004399 568.0194127 746.0679316 844.7659780 1289.024431 1747.282777 2054.691832 2892.405348 2832.847209 2539.433242 3252.283309 3740.938774 4207.194996 4307.486026 4495.873988 5138.152174 5358.034622 5682.215396 6299.723104 6441.202731 6762.997492 7418.497963 7769.764617 8139.510081 8737.519720 9175.968190 8985.661287 10087.65412 11084.66328 11743.52377 13556.76892 14462.41149 14837.99075 15876.06014 16717.01009 17918.11329 20646.78850 24919.77352 30361.44900 34734.02265 38177.78341 41008.53574 44590.41383 55376.99489 136449.6454 575025.2145
      sorted:	 0.007250528936 0.03018657593 0.06220455679 0.07374724417 0.07698494499 0.08039317836 8.419054788 12.83996252 22.58046595 89.74010086 147.7083738 254.7575519 568.0194127 639.6004399 746.0679316 844.7659780 1289.024431 1747.282777 2054.691832 2539.433242 2832.847209 2892.405348 3252.283309 3740.938774 4207.194996 4307.486026 4495.873988 5138.152174 5358.034622 5682.215396 6299.723104 6441.202731 6762.997492 7418.497963 7769.764617 8139.510081 8737.519720 8985.661287 9175.968190 10087.65412 11084.66328 11743.52377 13556.76892 14462.41149 14837.99075 15876.06014 16717.01009 17918.11329 20646.78850 24919.77352 30361.44900 34734.02265 38177.78341 41008.53574 44590.41383 55376.99489 136449.6454 575025.2145
