    unsorted:	 0.004653195680 0.005817940426 0.01233163458 0.07716838605 0.08964642173 0.4523113925 6.027702461 12.28379315 20.91340662 516.8231628 526.1516096 500.5365837 555.6180443 564.7659562 596.9917735 628.2373748 441.6606284 685.3154628 705.4811192 748.5790796 771.2736909 357.0000475 268.2257983 172.6880306 898.0451536 938.1503340 1109.740293 1225.947545 1353.923218 1333.087340 1397.319392 1510.412660 1668.164811 2046.578187 2117.274145 2190.932929 2884.807785 3862.294511 4221.061847 4672.013919 4963.859069 5049.961889 5635.955694 5804.563500 7115.995032 7855.564098 10768.51028 11751.05564 14160.06714 14648.89212 17417.54849 20763.88703 27252.20421 35726.28130 40890.26244 51888.87282 59860.78390 79856.69085
      sorted:	 0.004653195680 0.005817940426 0.01233163458 0.07716838605 0.08964642173 0.4523113925 6.027702461 12.28379315 20.91340662 172.6880306 268.2257983 357.0000475 441.6606284 500.5365837 516.8231628 526.1516096 555.6180443 564.7659562 596.9917735 628.2373748 685.3154628 705.4811192 748.5790796 771.2736909 898.0451536 938.1503340 1109.740293 1225.947545 1333.087340 1353.923218 1397.319392 1510.412660 1668.164811 2046.578187 2117.274145 2190.932929 2884.807785 3862.294511 4221.061847 4672.013919 4963.859069 5049.961889 5635.955694 5804.563500 7115.995032 7855.564098 10768.51028 11751.05564 14160.06714 14648.89212 17417.54849 20763.88703 27252.20421 35726.28130 40890.26244 51888.87282 59860.78390 79856.69085
