    unsorted:	 0.004558418708 0.01203385448 0.02210497965 0.08068175813 0.08836381949 0.6036542980 1.093807059 3.334408916 7.831274244 456.4778001 447.9055130 490.5027279 508.0489703 527.9204549 539.2936018 562.9685752 590.1648068 639.2356967 312.9736472 282.5300893 244.2013090 700.4151321 729.6288426 780.6757468 873.5432729 914.4930092 1040.661704 1098.349864 1237.579120 1326.715803 1413.159893 1610.053364 1939.803768 2030.689911 2082.138287 2149.778808 2768.473150 3761.385239 4352.990182 4222.309493 4621.463510 4908.389821 5882.329307 6192.087186 6983.275437 7260.220604 9275.323434 9538.906924 11123.54263 13819.28285 16094.82781 21197.57728 26283.56435 35203.76462 40883.87306 63488.78028 79138.66389 160016.9018
      sorted:	 0.004558418708 0.01203385448 0.02210497965 0.08068175813 0.08836381949 0.6036542980 1.093807059 3.334408916 7.831274244 244.2013090 282.5300893 312.9736472 447.9055130 456.4778001 490.5027279 508.0489703 527.9204549 539.2936018 562.9685752 590.1648068 639.2356967 700.4151321 729.6288426 780.6757468 873.5432729 914.4930092 1040.661704 1098.349864 1237.579120 1326.715803 1413.159893 1610.053364 1939.803768 2030.689911 2082.138287 2149.778808 2768.473150 3761.385239 4222.309493 4352.990182 4621.463510 4908.389821 5882.329307 6192.087186 6983.275437 7260.220604 9275.323434 9538.906924 11123.54263 13819.28285 16094.82781 21197.57728 26283.56435 35203.76462 40883.87306 63488.78028 79138.66389 160016.9018
