    unsorted:	 0.004661310436 0.01609510001 0.07343121806 0.07708485480 0.08592454067 0.1451221951 0.2304133715 13.72448047 37.22177304 162.0867614 302.8102664 336.2685472 448.3751614 1371.865659 1361.808721 1346.056037 1329.274894 1235.454708 1479.998334 963.3045799 914.3013452 859.7220263 629.0048105 1621.462222 1808.408945 1833.909332 1858.780575 2007.274580 2122.786249 2354.663572 2677.760967 2577.411008 2754.573856 2858.092731 3290.892596 3518.115470 3647.707783 3895.857686 4301.548322 4425.016366 5342.575783 5681.482950 5926.907084 6628.174458 7525.187571 8141.520659 10506.49861 11654.39422 11843.96959 13474.45929 15925.33609 19856.99329 22515.87113 28740.40332 33569.70790 40889.48865 41473.57413 70136.19418
      sorted:	 0.004661310436 0.01609510001 0.07343121806 0.07708485480 0.08592454067 0.1451221951 0.2304133715 13.72448047 37.22177304 162.0867614 302.8102664 336.2685472 448.3751614 629.0048105 859.7220263 914.3013452 963.3045799 1235.454708 1329.274894 1346.056037 1361.808721 1371.865659 1479.998334 1621.462222 1808.408945 1833.909332 1858.780575 2007.274580 2122.786249 2354.663572 2577.411008 2677.760967 2754.573856 2858.092731 3290.892596 3518.115470 3647.707783 3895.857686 4301.548322 4425.016366 5342.575783 5681.482950 5926.907084 6628.174458 7525.187571 8141.520659 10506.49861 11654.39422 11843.96959 13474.45929 15925.33609 19856.99329 22515.87113 28740.40332 33569.70790 40889.48865 41473.57413 70136.19418
