    unsorted:	 0.004685711312 0.02721235740 0.07017914341 0.08049345914 0.08433651637 0.4811250233 3.834407367 24.20657320 56.09161993 153.9494738 268.4972707 278.8777848 505.9033529 861.6840168 797.8093517 914.1768415 950.2142928 1150.938413 1163.692794 1227.348638 1311.420397 1399.311436 1486.519925 1593.016299 1746.015961 1819.325016 1962.866553 2017.625087 2187.657758 2337.215729 2479.844944 2852.813653 2968.964119 3272.546139 3376.242426 3597.200713 3722.631516 3968.574054 4245.024354 4601.403681 4993.694497 5563.407844 6257.841559 7063.682633 7487.057674 7829.278570 8313.160793 10707.08265 12618.06476 14067.01397 16368.91831 19813.35651 22741.09251 30538.22173 34833.07304 40918.52637 43596.54456 70695.54115
      sorted:	 0.004685711312 0.02721235740 0.07017914341 0.08049345914 0.08433651637 0.4811250233 3.834407367 24.20657320 56.09161993 153.9494738 268.4972707 278.8777848 505.9033529 797.8093517 861.6840168 914.1768415 950.2142928 1150.938413 1163.692794 1227.348638 1311.420397 1399.311436 1486.519925 1593.016299 1746.015961 1819.325016 1962.866553 2017.625087 2187.657758 2337.215729 2479.844944 2852.813653 2968.964119 3272.546139 3376.242426 3597.200713 3722.631516 3968.574054 4245.024354 4601.403681 4993.694497 5563.407844 6257.841559 7063.682633 7487.057674 7829.278570 8313.160793 10707.08265 12618.06476 14067.01397 16368.91831 19813.35651 22741.09251 30538.22173 34833.07304 40918.52637 43596.54456 70695.54115
