    unsorted:	 -0.4140924535 -0.4013667858 0.04278711644 -0.6366317967 0.4375318592 -1.884366977 14.23661659 18.54559912 -73.94579924 -109.3607044 355.2747884 378.6800911 419.6366405 308.1215518 548.7763795 832.4867392 1008.609782 1104.656373 1157.499767 1376.294310 1398.450909 1521.649123 1947.665993 2222.689887 2453.044661 2750.190218 2848.384682 3217.172640 3508.291198 3615.400791 3654.942045 3771.559301 3913.500977 4060.131956 4118.925536 4208.889353 4411.921534 -778.0937011 4705.803496 4919.755953 5625.344556 6861.364163 7090.247852 7298.532390 8477.960746 9979.890843 12051.16940 12528.02171 13543.28461 17460.12332 21895.85814 23618.38547 24698.38877 45405.17010 53152.07958
      sorted:	 -778.0937011 -109.3607044 -73.94579924 -1.884366977 -0.6366317967 -0.4140924535 -0.4013667858 0.04278711644 0.4375318592 14.23661659 18.54559912 308.1215518 355.2747884 378.6800911 419.6366405 548.7763795 832.4867392 1008.609782 1104.656373 1157.499767 1376.294310 1398.450909 1521.649123 1947.665993 2222.689887 2453.044661 2750.190218 2848.384682 3217.172640 3508.291198 3615.400791 3654.942045 3771.559301 3913.500977 4060.131956 4118.925536 4208.889353 4411.921534 4705.803496 4919.755953 5625.344556 6861.364163 7090.247852 7298.532390 8477.960746 9979.890843 12051.16940 12528.02171 13543.28461 17460.12332 21895.85814 23618.38547 24698.38877 45405.17010 53152.07958
