    unsorted:	 0.07832275794 0.07915053234 0.06923884832 0.07154598063 0.06578185865 0.7405781976 29.38540769 84.43054095 121.0536776 171.7644302 502.2649068 545.8807517 633.8759245 962.2775915 982.4235051 1075.665122 1835.568795 2171.827297 2333.539282 2719.518281 3008.312823 3144.995568 3256.849047 3922.390260 4373.411339 5360.815701 4950.989951 5754.405737 6151.065536 6707.480556 7057.095346 7700.204071 7508.581733 8374.689051 8910.824190 9005.837658 10730.99209 11333.92526 13202.71951 14791.43788 14162.37324 15297.90077 16351.36064 18389.31708 21686.15012 28358.19444 29319.40824 42068.52646 45545.69559 49708.77267 103932.2067 553310.9798
      sorted:	 0.06578185865 0.06923884832 0.07154598063 0.07832275794 0.07915053234 0.7405781976 29.38540769 84.43054095 121.0536776 171.7644302 502.2649068 545.8807517 633.8759245 962.2775915 982.4235051 1075.665122 1835.568795 2171.827297 2333.539282 2719.518281 3008.312823 3144.995568 3256.849047 3922.390260 4373.411339 4950.989951 5360.815701 5754.405737 6151.065536 6707.480556 7057.095346 7508.581733 7700.204071 8374.689051 8910.824190 9005.837658 10730.99209 11333.92526 13202.71951 14162.37324 14791.43788 15297.90077 16351.36064 18389.31708 21686.15012 28358.19444 29319.40824 42068.52646 45545.69559 49708.77267 103932.2067 553310.9798
