    unsorted:	 0.004692447643 0.005469387575 0.07753676510 0.06905576026 0.08703964314 0.2609205510 0.3658586717 2.217518018 22.78970310 153.4100175 214.6216310 567.0547184 614.1001058 620.4256111 593.2154184 645.2853629 530.2120431 673.7865621 453.2508747 431.0162622 727.7790061 291.5199470 830.3253449 904.5797628 943.4542632 1066.143344 1274.427906 1307.641811 1448.529470 1543.802239 1650.452120 1905.297646 2279.365548 2608.952941 2901.503683 3574.340235 3958.499334 4493.540589 4741.442892 5318.937938 5939.955532 6243.836470 7096.048717 7471.141878 8934.819366 12126.98011 14669.75941 17059.27778 21578.54867 28567.06963 38648.64150 45427.82154 63237.44251 84906.30950 88698.35399
      sorted:	 0.004692447643 0.005469387575 0.06905576026 0.07753676510 0.08703964314 0.2609205510 0.3658586717 2.217518018 22.78970310 153.4100175 214.6216310 291.5199470 431.0162622 453.2508747 530.2120431 567.0547184 593.2154184 614.1001058 620.4256111 645.2853629 673.7865621 727.7790061 830.3253449 904.5797628 943.4542632 1066.143344 1274.427906 1307.641811 1448.529470 1543.802239 1650.452120 1905.297646 2279.365548 2608.952941 2901.503683 3574.340235 3958.499334 4493.540589 4741.442892 5318.937938 5939.955532 6243.836470 7096.048717 7471.141878 8934.819366 12126.98011 14669.75941 17059.27778 21578.54867 28567.06963 38648.64150 45427.82154 63237.44251 84906.30950 88698.35399
