    unsorted:	 0.004512143877 0.01259947041 -0.004893413032 0.04554205975 0.08431024954 0.09914059804 -0.1315572751 0.6090856386 1.552662046 5.360803772 696.1304704 702.9309456 677.9003224 645.4274637 626.2764956 593.2852625 568.2672992 542.4460282 528.7520194 771.2866124 438.1148007 413.5650614 849.7948404 302.6589061 191.0037716 -66.59436546 965.2260162 1037.887567 1136.263519 1376.337212 1425.698092 1689.329104 1768.019506 2057.098433 2422.716924 2806.620774 3444.101211 4193.064257 4705.829617 5090.238377 5701.253510 6260.570590 6683.612261 7516.902615 7846.454712 9752.691175 12306.82516 15181.61075 18153.02987 24858.30355 31545.73865 43268.19813 45449.21815 68708.74461 96657.09079
      sorted:	 -66.59436546 -0.1315572751 -0.004893413032 0.004512143877 0.01259947041 0.04554205975 0.08431024954 0.09914059804 0.6090856386 1.552662046 5.360803772 191.0037716 302.6589061 413.5650614 438.1148007 528.7520194 542.4460282 568.2672992 593.2852625 626.2764956 645.4274637 677.9003224 696.1304704 702.9309456 771.2866124 849.7948404 965.2260162 1037.887567 1136.263519 1376.337212 1425.698092 1689.329104 1768.019506 2057.098433 2422.716924 2806.620774 3444.101211 4193.064257 4705.829617 5090.238377 5701.253510 6260.570590 6683.612261 7516.902615 7846.454712 9752.691175 12306.82516 15181.61075 18153.02987 24858.30355 31545.73865 43268.19813 45449.21815 68708.74461 96657.09079
