    unsorted:	 0.07851516861 0.07671688508 0.07074003299 0.05651364791 40.07849686 110.3873080 110.8786345 955.3758855 982.1779348 975.9431720 1040.555026 374.7427666 350.4882704 532.3250401 1251.190474 1382.593966 1404.224657 1704.227627 2487.572553 2643.587262 2914.501749 3502.957102 3379.372732 3717.120276 4105.110951 4020.205967 4400.689519 4941.132050 5326.104461 5740.805612 5848.575405 5944.910490 6090.353193 6510.410498 6883.578800 7349.624059 7485.178055 8042.915947 9231.908694 11037.34399 11182.13959 12260.49504 14958.67808 17128.91830 21708.61412 30834.69936 36472.11718 47241.14500 45469.01208 74462.52164 646304.8161
      sorted:	 0.05651364791 0.07074003299 0.07671688508 0.07851516861 40.07849686 110.3873080 110.8786345 350.4882704 374.7427666 532.3250401 955.3758855 975.9431720 982.1779348 1040.555026 1251.190474 1382.593966 1404.224657 1704.227627 2487.572553 2643.587262 2914.501749 3379.372732 3502.957102 3717.120276 4020.205967 4105.110951 4400.689519 4941.132050 5326.104461 5740.805612 5848.575405 5944.910490 6090.353193 6510.410498 6883.578800 7349.624059 7485.178055 8042.915947 9231.908694 11037.34399 11182.13959 12260.49504 14958.67808 17128.91830 21708.61412 30834.69936 36472.11718 45469.01208 47241.14500 74462.52164 646304.8161
