    unsorted:	 0.07755000754 0.07828701186 0.07452922290 0.07096588795 0.06976402540 0.01457054131 0.3394854256 5.103508623 11.04332785 158.2413508 181.7004885 138.9459139 512.0020302 620.7809722 773.5021233 1365.248975 1260.780891 1516.970861 1812.718917 2129.043417 2972.771157 2920.562693 2714.078269 3315.521223 4052.156321 4334.088499 4543.374601 5290.326470 5459.963059 5660.564622 6114.847173 6303.050768 6819.822058 7422.103929 7734.607478 8401.855903 8521.160933 8735.714284 8960.997592 9465.932284 10504.79849 11317.59805 12830.56912 14004.61263 14605.42748 15319.95775 16100.31945 17426.48248 20231.18722 24509.82447 29199.16118 34970.72258 41006.87812 43792.79981 55485.91103 134889.2380 637157.3738 278351944.0
      sorted:	 0.01457054131 0.06976402540 0.07096588795 0.07452922290 0.07755000754 0.07828701186 0.3394854256 5.103508623 11.04332785 138.9459139 158.2413508 181.7004885 512.0020302 620.7809722 773.5021233 1260.780891 1365.248975 1516.970861 1812.718917 2129.043417 2714.078269 2920.562693 2972.771157 3315.521223 4052.156321 4334.088499 4543.374601 5290.326470 5459.963059 5660.564622 6114.847173 6303.050768 6819.822058 7422.103929 7734.607478 8401.855903 8521.160933 8735.714284 8960.997592 9465.932284 10504.79849 11317.59805 12830.56912 14004.61263 14605.42748 15319.95775 16100.31945 17426.48248 20231.18722 24509.82447 29199.16118 34970.72258 41006.87812 43792.79981 55485.91103 134889.2380 637157.3738 278351944.0
