    unsorted:	 0.08040430793 0.07749886215 0.07290557299 0.06621370667 0.03020723827 0.007255738969 4.826142339 8.434283295 12.85047665 89.75958359 147.7333023 248.5423203 583.5379363 569.0813498 745.2937338 843.2557467 1256.155134 1743.432234 2048.860488 2890.515646 2823.041954 2535.085956 3251.157973 3734.301402 4200.937508 4293.071518 4471.663711 5130.745577 5312.479797 5615.742501 6248.828970 6393.175473 6763.483881 7379.658585 7705.307241 8064.400966 8561.797821 8881.235807 9082.579413 10019.57267 11009.51355 11637.38766 13169.44751 14245.02079 14667.40251 15723.88504 16647.71002 17766.27797 20267.67727 24321.21383 29631.29164 30771.64991 36709.39880 41008.25837 43975.31163 53449.25365 132713.4450 566843.4312
      sorted:	 0.007255738969 0.03020723827 0.06621370667 0.07290557299 0.07749886215 0.08040430793 4.826142339 8.434283295 12.85047665 89.75958359 147.7333023 248.5423203 569.0813498 583.5379363 745.2937338 843.2557467 1256.155134 1743.432234 2048.860488 2535.085956 2823.041954 2890.515646 3251.157973 3734.301402 4200.937508 4293.071518 4471.663711 5130.745577 5312.479797 5615.742501 6248.828970 6393.175473 6763.483881 7379.658585 7705.307241 8064.400966 8561.797821 8881.235807 9082.579413 10019.57267 11009.51355 11637.38766 13169.44751 14245.02079 14667.40251 15723.88504 16647.71002 17766.27797 20267.67727 24321.21383 29631.29164 30771.64991 36709.39880 41008.25837 43975.31163 53449.25365 132713.4450 566843.4312
