    unsorted:	 0.07913304279 0.07791497693 0.07532311968 0.07178315395 0.02921882766 0.004804637798 0.1342438387 0.6202306249 6.499068817 148.5157794 176.8069616 233.9324872 433.3076125 705.8178576 730.3794618 753.0769688 586.7785788 1203.381789 1274.044686 1410.123010 1548.355958 2051.193744 1966.940228 2728.220128 2555.068711 2854.736529 3072.934805 3113.343677 3432.321929 4048.560004 4021.090379 3940.546995 3872.378503 4282.042325 4385.466255 4802.848838 4876.070898 5071.385323 5661.069976 5990.054048 6658.238047 6666.732616 7991.647510 8311.550368 8693.420337 9472.596541 9859.562444 12095.19062 12515.55054 13740.76780 16659.07079 17540.40416 22287.70053 30787.04579 32793.30119 40970.63753 71314.20038 166575.2163
      sorted:	 0.004804637798 0.02921882766 0.07178315395 0.07532311968 0.07791497693 0.07913304279 0.1342438387 0.6202306249 6.499068817 148.5157794 176.8069616 233.9324872 433.3076125 586.7785788 705.8178576 730.3794618 753.0769688 1203.381789 1274.044686 1410.123010 1548.355958 1966.940228 2051.193744 2555.068711 2728.220128 2854.736529 3072.934805 3113.343677 3432.321929 3872.378503 3940.546995 4021.090379 4048.560004 4282.042325 4385.466255 4802.848838 4876.070898 5071.385323 5661.069976 5990.054048 6658.238047 6666.732616 7991.647510 8311.550368 8693.420337 9472.596541 9859.562444 12095.19062 12515.55054 13740.76780 16659.07079 17540.40416 22287.70053 30787.04579 32793.30119 40970.63753 71314.20038 166575.2163
