    unsorted:	 0.07452304063 0.07138555111 0.08075959195 0.07775164403 0.03574820794 0.1978411773 8.529928397 36.65165915 119.6703319 119.1737460 123.1657032 215.2908012 429.0664215 586.2145096 632.5408737 812.7176155 1020.691223 1185.699706 1246.607655 1240.832970 2015.878712 1912.180577 2191.975144 2666.801665 2713.039884 2948.886093 3035.416591 3429.466448 3393.682221 3797.314762 3901.676169 4015.892908 4081.283165 4159.101975 4369.058310 4878.205476 4908.672844 5037.869889 5730.771657 6126.884858 6737.322181 6813.116719 7994.229535 8203.683307 8867.677203 9824.824754 10208.84945 11720.59087 12573.51002 14163.47590 16929.65163 18828.64973 22603.04891 31715.90558 34644.74982 40973.72179 73856.95079 167989.8214
      sorted:	 0.03574820794 0.07138555111 0.07452304063 0.07775164403 0.08075959195 0.1978411773 8.529928397 36.65165915 119.1737460 119.6703319 123.1657032 215.2908012 429.0664215 586.2145096 632.5408737 812.7176155 1020.691223 1185.699706 1240.832970 1246.607655 1912.180577 2015.878712 2191.975144 2666.801665 2713.039884 2948.886093 3035.416591 3393.682221 3429.466448 3797.314762 3901.676169 4015.892908 4081.283165 4159.101975 4369.058310 4878.205476 4908.672844 5037.869889 5730.771657 6126.884858 6737.322181 6813.116719 7994.229535 8203.683307 8867.677203 9824.824754 10208.84945 11720.59087 12573.51002 14163.47590 16929.65163 18828.64973 22603.04891 31715.90558 34644.74982 40973.72179 73856.95079 167989.8214
