    unsorted:	 0.004688851814 0.005526878459 0.02909231468 0.07664764585 0.08904982038 0.4008009441 1.615551353 2.797852377 22.57452431 144.2411765 596.2981312 610.5058487 571.3614413 629.8768469 545.1989163 524.9850009 490.0269607 692.3675423 389.9617350 222.3581008 787.5434125 807.3631688 839.6879526 878.6368616 1031.588355 1092.023889 1244.587148 1270.249992 1307.429359 1502.735415 1646.447917 1758.110423 1943.950493 2386.781580 2767.013986 2698.735220 3281.278021 4167.781947 4732.343196 5180.588778 5294.473661 5732.654317 5815.839566 6384.492564 8016.123348 9487.118673 13176.61679 14215.25720 15243.77732 17659.16697 19843.44219 24232.84605 32319.04703 36941.25267 40915.21035 64283.77716 69121.43305 90335.60748
      sorted:	 0.004688851814 0.005526878459 0.02909231468 0.07664764585 0.08904982038 0.4008009441 1.615551353 2.797852377 22.57452431 144.2411765 222.3581008 389.9617350 490.0269607 524.9850009 545.1989163 571.3614413 596.2981312 610.5058487 629.8768469 692.3675423 787.5434125 807.3631688 839.6879526 878.6368616 1031.588355 1092.023889 1244.587148 1270.249992 1307.429359 1502.735415 1646.447917 1758.110423 1943.950493 2386.781580 2698.735220 2767.013986 3281.278021 4167.781947 4732.343196 5180.588778 5294.473661 5732.654317 5815.839566 6384.492564 8016.123348 9487.118673 13176.61679 14215.25720 15243.77732 17659.16697 19843.44219 24232.84605 32319.04703 36941.25267 40915.21035 64283.77716 69121.43305 90335.60748
