    unsorted:	 0.004580156237 0.01146913247 0.08019941016 0.08760962590 0.1600740445 0.5818054753 1.647779790 8.751864365 206.6540154 209.4512516 143.2905033 536.4924878 519.4023492 501.3484502 486.0130553 572.0172208 606.1409020 637.9617579 670.3865599 706.4304994 321.4488134 784.7664103 814.1549089 891.1435559 991.2945027 1042.868904 1092.379815 1288.079556 1410.901207 1615.825806 1650.035784 1904.741275 1977.179055 2319.551653 2610.553189 2694.199438 2905.510042 3738.851348 4349.478672 4746.870011 5136.920782 5270.245627 5744.791690 5979.003658 6528.599051 7246.320592 9186.942280 9807.682231 12611.20006 13787.76830 17673.40669 19859.06116 24448.83897 31680.75194 36429.32961 40910.91181 68240.57838 88541.44034
      sorted:	 0.004580156237 0.01146913247 0.08019941016 0.08760962590 0.1600740445 0.5818054753 1.647779790 8.751864365 143.2905033 206.6540154 209.4512516 321.4488134 486.0130553 501.3484502 519.4023492 536.4924878 572.0172208 606.1409020 637.9617579 670.3865599 706.4304994 784.7664103 814.1549089 891.1435559 991.2945027 1042.868904 1092.379815 1288.079556 1410.901207 1615.825806 1650.035784 1904.741275 1977.179055 2319.551653 2610.553189 2694.199438 2905.510042 3738.851348 4349.478672 4746.870011 5136.920782 5270.245627 5744.791690 5979.003658 6528.599051 7246.320592 9186.942280 9807.682231 12611.20006 13787.76830 17673.40669 19859.06116 24448.83897 31680.75194 36429.32961 40910.91181 68240.57838 88541.44034
