    unsorted:	 0.004677395396 0.005598308152 0.07777337404 0.06801529834 0.08735485806 0.2534199609 0.3934474930 4.791117974 22.03409161 589.9568761 605.4894297 621.5857510 560.4622967 651.0811366 511.5387513 693.5565607 711.1336697 449.2373458 431.2255284 790.8088908 245.7171844 316.4635698 167.9045392 857.2941920 902.8660451 1003.247052 1207.564939 1310.150543 1413.026151 1504.499053 1532.463438 1762.391477 2103.499595 2326.987602 2873.429452 3494.439636 3913.466675 4355.998998 4572.415260 5315.276957 5477.054123 5815.252922 6770.631667 7274.494203 7859.888634 10983.04486 13907.60475 15815.16546 19619.72806 26270.32721 37983.06568 45415.32466 60900.01653 82145.13005 101709.2277
      sorted:	 0.004677395396 0.005598308152 0.06801529834 0.07777337404 0.08735485806 0.2534199609 0.3934474930 4.791117974 22.03409161 167.9045392 245.7171844 316.4635698 431.2255284 449.2373458 511.5387513 560.4622967 589.9568761 605.4894297 621.5857510 651.0811366 693.5565607 711.1336697 790.8088908 857.2941920 902.8660451 1003.247052 1207.564939 1310.150543 1413.026151 1504.499053 1532.463438 1762.391477 2103.499595 2326.987602 2873.429452 3494.439636 3913.466675 4355.998998 4572.415260 5315.276957 5477.054123 5815.252922 6770.631667 7274.494203 7859.888634 10983.04486 13907.60475 15815.16546 19619.72806 26270.32721 37983.06568 45415.32466 60900.01653 82145.13005 101709.2277
