    unsorted:	 0.004527589545 0.01317741960 0.02432895845 0.08030428293 0.08711097057 0.6448630888 2.343029569 5.009466327 26.86812782 552.8400608 529.3975647 520.8409130 592.8895026 606.7533677 634.8889439 660.0362764 675.5601770 437.4177719 431.4130157 729.5982961 219.1928159 235.2928137 297.9073589 794.9613391 893.1166138 973.4157280 1044.385400 1247.250634 1415.780639 1545.152478 1628.728573 1851.969101 2020.615349 2276.215738 2440.645090 3088.892391 4118.123273 4365.676771 4893.354239 5528.733349 5787.071393 6537.483567 7310.899526 7382.331537 8297.662130 11415.58984 13771.55397 15712.61710 22720.83452 28649.71903 42018.80269 43858.73459 45432.01497 67222.53857 88510.94927
      sorted:	 0.004527589545 0.01317741960 0.02432895845 0.08030428293 0.08711097057 0.6448630888 2.343029569 5.009466327 26.86812782 219.1928159 235.2928137 297.9073589 431.4130157 437.4177719 520.8409130 529.3975647 552.8400608 592.8895026 606.7533677 634.8889439 660.0362764 675.5601770 729.5982961 794.9613391 893.1166138 973.4157280 1044.385400 1247.250634 1415.780639 1545.152478 1628.728573 1851.969101 2020.615349 2276.215738 2440.645090 3088.892391 4118.123273 4365.676771 4893.354239 5528.733349 5787.071393 6537.483567 7310.899526 7382.331537 8297.662130 11415.58984 13771.55397 15712.61710 22720.83452 28649.71903 42018.80269 43858.73459 45432.01497 67222.53857 88510.94927
