    unsorted:	 0.004180219182 0.07340365496 0.07709723254 0.01899647971 0.08573808176 0.05853370173 0.9106264469 13.73188987 35.58375200 162.1966211 304.4526877 293.3640153 444.7947336 1376.380542 1380.040275 1351.112441 1336.752735 1445.926016 1239.752707 966.8047748 917.8029866 862.8936654 630.5022321 1625.820654 1865.525692 1828.705183 1905.567606 2028.309443 2134.836591 2415.222843 2673.153455 2597.822902 2770.769645 2865.860741 3309.942479 3534.090411 3786.873438 3976.181081 4345.933813 4455.257965 5365.735069 5692.720761 6132.253642 6983.758891 7690.310897 8190.358460 10645.19512 11871.10092 11991.02434 13662.13052 16811.54240 20102.58157 22597.32198 29053.38344 33716.04878 40896.75879 41670.52902 70686.97513
      sorted:	 0.004180219182 0.01899647971 0.05853370173 0.07340365496 0.07709723254 0.08573808176 0.9106264469 13.73188987 35.58375200 162.1966211 293.3640153 304.4526877 444.7947336 630.5022321 862.8936654 917.8029866 966.8047748 1239.752707 1336.752735 1351.112441 1376.380542 1380.040275 1445.926016 1625.820654 1828.705183 1865.525692 1905.567606 2028.309443 2134.836591 2415.222843 2597.822902 2673.153455 2770.769645 2865.860741 3309.942479 3534.090411 3786.873438 3976.181081 4345.933813 4455.257965 5365.735069 5692.720761 6132.253642 6983.758891 7690.310897 8190.358460 10645.19512 11871.10092 11991.02434 13662.13052 16811.54240 20102.58157 22597.32198 29053.38344 33716.04878 40896.75879 41670.52902 70686.97513
