    unsorted:	 0.004650266152 0.02710841720 0.07019272857 0.08053866349 0.08413166894 0.4316663089 3.837108178 23.10365881 43.99362780 154.2173398 268.8300551 247.8954722 504.0346963 864.6540543 792.8485550 917.4911733 953.4761359 1151.351935 1134.228623 1239.701791 1316.314314 1409.264925 1495.337170 1596.563635 1751.587472 1928.459801 1974.985913 2039.366909 2199.576682 2393.510083 2490.620375 2867.530636 2970.534362 3283.980607 3401.178315 3595.753894 3821.581095 4070.084855 4285.554371 4617.501154 5005.395037 5590.252455 6603.099139 7221.647463 7818.288203 7933.175484 8344.838138 10740.61232 13027.03462 14182.59347 17330.60379 20051.19692 22822.72470 30819.94900 34963.34802 40919.34247 43823.47881 71025.09774
      sorted:	 0.004650266152 0.02710841720 0.07019272857 0.08053866349 0.08413166894 0.4316663089 3.837108178 23.10365881 43.99362780 154.2173398 247.8954722 268.8300551 504.0346963 792.8485550 864.6540543 917.4911733 953.4761359 1134.228623 1151.351935 1239.701791 1316.314314 1409.264925 1495.337170 1596.563635 1751.587472 1928.459801 1974.985913 2039.366909 2199.576682 2393.510083 2490.620375 2867.530636 2970.534362 3283.980607 3401.178315 3595.753894 3821.581095 4070.084855 4285.554371 4617.501154 5005.395037 5590.252455 6603.099139 7221.647463 7818.288203 7933.175484 8344.838138 10740.61232 13027.03462 14182.59347 17330.60379 20051.19692 22822.72470 30819.94900 34963.34802 40919.34247 43823.47881 71025.09774
