    unsorted:	 0.004692346923 0.08065983694 0.08435720881 0.07030577358 0.02743508796 0.4889724857 4.195581457 25.25597095 97.49844678 179.5108934 220.6541746 269.1719847 439.7186046 534.8112683 834.5135578 832.2275856 884.2864689 932.3554285 1245.637662 1230.725736 1154.221634 1086.735582 1325.210929 1381.164705 1464.045147 1701.985246 1790.407183 1806.972674 1910.266833 1971.259120 2191.380786 2508.793630 2600.320386 2768.763989 2950.011439 3012.628096 3431.539112 3671.961390 3845.866168 4272.478335 4494.086303 4750.764976 4970.523510 6419.170392 6522.533160 7320.168185 7600.180711 9730.766567 10448.45968 12839.31160 14449.63472 17279.38794 20016.66385 29178.11937 33356.01724 39767.79540 40931.91162 60853.71099
      sorted:	 0.004692346923 0.02743508796 0.07030577358 0.08065983694 0.08435720881 0.4889724857 4.195581457 25.25597095 97.49844678 179.5108934 220.6541746 269.1719847 439.7186046 534.8112683 832.2275856 834.5135578 884.2864689 932.3554285 1086.735582 1154.221634 1230.725736 1245.637662 1325.210929 1381.164705 1464.045147 1701.985246 1790.407183 1806.972674 1910.266833 1971.259120 2191.380786 2508.793630 2600.320386 2768.763989 2950.011439 3012.628096 3431.539112 3671.961390 3845.866168 4272.478335 4494.086303 4750.764976 4970.523510 6419.170392 6522.533160 7320.168185 7600.180711 9730.766567 10448.45968 12839.31160 14449.63472 17279.38794 20016.66385 29178.11937 33356.01724 39767.79540 40931.91162 60853.71099
