    unsorted:	 0.07311234025 0.07057171063 0.07788279953 0.08537610803 0.005361695300 0.001980986806 12.89407749 10.63900692 33.17513262 123.8957193 294.1619162 306.7565901 442.5159682 481.4475132 663.3681543 843.6727589 899.1576271 940.2992252 1317.833368 1326.321426 1266.011117 1370.485806 1185.350814 1497.130541 1526.343272 1761.342265 1737.080433 1853.651026 1906.925742 1974.558828 2258.557316 2506.219509 2601.497480 2642.888719 2750.514229 2992.732707 3116.528493 3460.462837 3872.927593 4306.767098 4417.475931 4805.130548 5862.252442 6050.744130 6769.018828 7357.732763 9168.735754 9926.732102 10789.36919 12753.51119 14520.90055 17997.80842 20529.36757 27530.90879 32552.70003 39562.96048 40928.14536 66444.28496
      sorted:	 0.001980986806 0.005361695300 0.07057171063 0.07311234025 0.07788279953 0.08537610803 10.63900692 12.89407749 33.17513262 123.8957193 294.1619162 306.7565901 442.5159682 481.4475132 663.3681543 843.6727589 899.1576271 940.2992252 1185.350814 1266.011117 1317.833368 1326.321426 1370.485806 1497.130541 1526.343272 1737.080433 1761.342265 1853.651026 1906.925742 1974.558828 2258.557316 2506.219509 2601.497480 2642.888719 2750.514229 2992.732707 3116.528493 3460.462837 3872.927593 4306.767098 4417.475931 4805.130548 5862.252442 6050.744130 6769.018828 7357.732763 9168.735754 9926.732102 10789.36919 12753.51119 14520.90055 17997.80842 20529.36757 27530.90879 32552.70003 39562.96048 40928.14536 66444.28496
