    unsorted:	 0.004566774491 0.01181208672 0.008665857061 0.01457490720 0.08051703557 0.08806902514 0.6012250754 1.428650846 8.381651724 34.30688184 493.1157883 461.9653734 478.1460135 511.2995490 542.5739185 587.4525036 620.4450118 638.0037121 670.6128158 671.8359534 726.2060614 362.1025617 808.3238944 827.3827488 251.0757548 225.3109703 962.5766044 1006.025491 1171.102434 1156.880582 1329.636886 1474.885434 1642.992239 1810.933441 1930.003327 2271.097982 2401.066179 2435.144072 3066.140856 4300.265367 4516.887152 4789.032087 5318.616886 5873.916147 6322.245326 7083.866206 7847.920921 9621.949335 11544.15739 12894.10637 15621.98861 16347.23629 24104.76268 31444.31253 40859.16638 41422.00825 66485.42886 85152.87184
      sorted:	 0.004566774491 0.008665857061 0.01181208672 0.01457490720 0.08051703557 0.08806902514 0.6012250754 1.428650846 8.381651724 34.30688184 225.3109703 251.0757548 362.1025617 461.9653734 478.1460135 493.1157883 511.2995490 542.5739185 587.4525036 620.4450118 638.0037121 670.6128158 671.8359534 726.2060614 808.3238944 827.3827488 962.5766044 1006.025491 1156.880582 1171.102434 1329.636886 1474.885434 1642.992239 1810.933441 1930.003327 2271.097982 2401.066179 2435.144072 3066.140856 4300.265367 4516.887152 4789.032087 5318.616886 5873.916147 6322.245326 7083.866206 7847.920921 9621.949335 11544.15739 12894.10637 15621.98861 16347.23629 24104.76268 31444.31253 40859.16638 41422.00825 66485.42886 85152.87184
