    unsorted:	 0.07723748865 0.08952825256 0.01267052320 6.232764729 11.94624934 31.25160220 513.7055622 497.6907722 554.6976023 563.4903677 591.8946185 625.8101261 441.9017934 436.1411206 651.7300338 665.8377908 700.9420381 764.7454356 802.4918594 272.4741679 171.1752426 200.5323421 896.0047255 1040.849070 1125.130679 1220.862201 1318.509497 1368.866485 1417.403102 1530.417243 1666.929882 2150.224511 2069.121965 2294.192900 2906.340658 3875.598752 4523.467299 4936.232435 5084.931029 5631.854118 5830.838540 7129.129824 7898.323435 11033.75505 12398.00806 14179.03515 14882.70607 17651.92051 20804.47070 27241.10725 35681.26834 40888.32542 53415.13565 59690.77381 79462.81210
      sorted:	 0.01267052320 0.07723748865 0.08952825256 6.232764729 11.94624934 31.25160220 171.1752426 200.5323421 272.4741679 436.1411206 441.9017934 497.6907722 513.7055622 554.6976023 563.4903677 591.8946185 625.8101261 651.7300338 665.8377908 700.9420381 764.7454356 802.4918594 896.0047255 1040.849070 1125.130679 1220.862201 1318.509497 1368.866485 1417.403102 1530.417243 1666.929882 2069.121965 2150.224511 2294.192900 2906.340658 3875.598752 4523.467299 4936.232435 5084.931029 5631.854118 5830.838540 7129.129824 7898.323435 11033.75505 12398.00806 14179.03515 14882.70607 17651.92051 20804.47070 27241.10725 35681.26834 40888.32542 53415.13565 59690.77381 79462.81210
