    unsorted:	 0.07064134176 0.07068984799 0.08021309548 0.07845675996 0.02920967039 0.006098832282 0.7301410335 5.106936795 12.11305031 88.31077134 149.2515429 227.2879967 516.2791254 572.6007855 732.9670311 993.3987277 889.2167688 1160.064065 1943.903133 2360.437765 2507.148955 2668.990481 3050.052614 3230.291452 3567.552183 3711.633566 4430.434801 4516.126911 5188.997507 5501.980161 5709.748446 6482.668022 6702.120269 7373.773329 7909.076947 8080.274760 8419.532435 9488.713684 9246.086308 10204.53339 10870.10013 11673.16671 12341.93996 14423.42280 15352.33237 16565.37405 17127.45106 17500.58724 20144.63003 24050.66524 30629.21895 34568.25831 42421.98343 45263.92085 55333.80709 139026.2093 787206.8865
      sorted:	 0.006098832282 0.02920967039 0.07064134176 0.07068984799 0.07845675996 0.08021309548 0.7301410335 5.106936795 12.11305031 88.31077134 149.2515429 227.2879967 516.2791254 572.6007855 732.9670311 889.2167688 993.3987277 1160.064065 1943.903133 2360.437765 2507.148955 2668.990481 3050.052614 3230.291452 3567.552183 3711.633566 4430.434801 4516.126911 5188.997507 5501.980161 5709.748446 6482.668022 6702.120269 7373.773329 7909.076947 8080.274760 8419.532435 9246.086308 9488.713684 10204.53339 10870.10013 11673.16671 12341.93996 14423.42280 15352.33237 16565.37405 17127.45106 17500.58724 20144.63003 24050.66524 30629.21895 34568.25831 42421.98343 45263.92085 55333.80709 139026.2093 787206.8865
