    unsorted:	 0.06932927784 0.06993050368 0.06664556878 0.07830121009 0.07937783687 0.004799079823 0.02378897693 0.5831615455 11.13253051 143.0377055 134.4669504 110.8288602 496.5212224 535.8056185 635.2633120 796.6512446 1242.248563 1250.989273 1353.984057 1898.715461 2241.419425 2723.499538 2806.298580 3049.508799 3268.899213 3573.627225 4038.748932 4413.751745 5183.944923 5269.465782 5483.043471 6070.608059 6266.737812 7180.315071 7446.121899 7829.973417 7800.333456 8545.391519 9031.685084 9132.070653 9864.047718 11030.07291 11779.41946 13478.09691 14495.40210 15304.75010 16051.39576 16607.83701 19102.57730 22629.28296 28725.92312 31526.28216 42417.83719 42758.35273 50472.36581 120171.6702 602433.7212
      sorted:	 0.004799079823 0.02378897693 0.06664556878 0.06932927784 0.06993050368 0.07830121009 0.07937783687 0.5831615455 11.13253051 110.8288602 134.4669504 143.0377055 496.5212224 535.8056185 635.2633120 796.6512446 1242.248563 1250.989273 1353.984057 1898.715461 2241.419425 2723.499538 2806.298580 3049.508799 3268.899213 3573.627225 4038.748932 4413.751745 5183.944923 5269.465782 5483.043471 6070.608059 6266.737812 7180.315071 7446.121899 7800.333456 7829.973417 8545.391519 9031.685084 9132.070653 9864.047718 11030.07291 11779.41946 13478.09691 14495.40210 15304.75010 16051.39576 16607.83701 19102.57730 22629.28296 28725.92312 31526.28216 42417.83719 42758.35273 50472.36581 120171.6702 602433.7212
