    unsorted:	 0.004650041046 0.004993204205 0.005853772928 0.07791122343 0.07283811475 0.08877302600 0.2870170387 0.4496760800 21.19398954 599.7551353 625.3075929 634.3978020 569.6815249 538.4389516 528.0737285 669.7529224 488.0427183 457.8427432 398.9872806 752.4338850 816.3879610 846.4138522 258.8557787 173.0770485 952.3658155 1086.500223 1112.868585 1200.491002 1285.360703 1498.250973 1485.915202 1612.090603 1826.682125 2087.137259 2248.075809 2815.872499 3042.848341 4041.996541 4497.997364 4853.600816 5043.154437 5534.478841 5784.612878 6818.269286 7473.641390 9598.496516 10974.90813 11438.77854 14415.42823 18468.25994 20595.11591 26902.33640 35161.68531 40902.51555 59929.98575 80496.91195 154966.3192 222551.0379
      sorted:	 0.004650041046 0.004993204205 0.005853772928 0.07283811475 0.07791122343 0.08877302600 0.2870170387 0.4496760800 21.19398954 173.0770485 258.8557787 398.9872806 457.8427432 488.0427183 528.0737285 538.4389516 569.6815249 599.7551353 625.3075929 634.3978020 669.7529224 752.4338850 816.3879610 846.4138522 952.3658155 1086.500223 1112.868585 1200.491002 1285.360703 1485.915202 1498.250973 1612.090603 1826.682125 2087.137259 2248.075809 2815.872499 3042.848341 4041.996541 4497.997364 4853.600816 5043.154437 5534.478841 5784.612878 6818.269286 7473.641390 9598.496516 10974.90813 11438.77854 14415.42823 18468.25994 20595.11591 26902.33640 35161.68531 40902.51555 59929.98575 80496.91195 154966.3192 222551.0379
