    unsorted:	 0.004557889345 0.01203888825 0.02237557234 0.08055417351 0.08812786655 0.6027399887 0.3046260064 0.9977870126 7.879403253 601.5022701 610.3850706 578.0854680 547.2853686 530.6681660 503.1866669 474.9004684 661.5578801 429.5264750 724.5054155 311.3177739 278.5782615 241.6016576 826.2268608 822.9287080 798.0446962 936.3166569 1073.332364 1158.356516 1255.218998 1383.078411 1504.121064 1768.745564 1975.771457 2093.868213 2163.547461 2732.924571 2905.685374 3838.129687 4324.630903 4550.908426 4683.742428 5592.494540 6097.204274 6998.928109 7232.400218 8751.071601 9067.401463 9853.091276 13814.33325 16130.20834 20848.92669 26215.85513 34786.90838 40903.18767 63520.65324 79467.11521 170041.6439 14154489.89
      sorted:	 0.004557889345 0.01203888825 0.02237557234 0.08055417351 0.08812786655 0.3046260064 0.6027399887 0.9977870126 7.879403253 241.6016576 278.5782615 311.3177739 429.5264750 474.9004684 503.1866669 530.6681660 547.2853686 578.0854680 601.5022701 610.3850706 661.5578801 724.5054155 798.0446962 822.9287080 826.2268608 936.3166569 1073.332364 1158.356516 1255.218998 1383.078411 1504.121064 1768.745564 1975.771457 2093.868213 2163.547461 2732.924571 2905.685374 3838.129687 4324.630903 4550.908426 4683.742428 5592.494540 6097.204274 6998.928109 7232.400218 8751.071601 9067.401463 9853.091276 13814.33325 16130.20834 20848.92669 26215.85513 34786.90838 40903.18767 63520.65324 79467.11521 170041.6439 14154489.89
