    unsorted:	 0.07912843566 0.07882002626 0.07401095944 0.07020537694 0.02761734747 0.004810209659 0.6568994226 2.357537391 7.265622114 138.9594993 121.7365253 236.1771160 315.4297049 446.1954158 710.1960377 703.2144066 587.0441113 1071.393657 1049.420884 1175.601083 1246.719119 1772.365698 2022.325232 2332.450980 2669.014536 2839.800305 3062.134868 3179.782059 3391.773560 3907.643863 3890.870724 3751.092727 4164.729459 4550.320261 4618.956630 4750.836516 5435.109947 5693.865536 6386.809635 6566.988711 7451.948793 8197.076159 8398.190422 9429.422381 10218.19612 11875.22148 12654.05133 15601.04238 16886.34583 20346.32260 27227.49856 30844.72390 45500.56607 52078.61344 117829.9278
      sorted:	 0.004810209659 0.02761734747 0.07020537694 0.07401095944 0.07882002626 0.07912843566 0.6568994226 2.357537391 7.265622114 121.7365253 138.9594993 236.1771160 315.4297049 446.1954158 587.0441113 703.2144066 710.1960377 1049.420884 1071.393657 1175.601083 1246.719119 1772.365698 2022.325232 2332.450980 2669.014536 2839.800305 3062.134868 3179.782059 3391.773560 3751.092727 3890.870724 3907.643863 4164.729459 4550.320261 4618.956630 4750.836516 5435.109947 5693.865536 6386.809635 6566.988711 7451.948793 8197.076159 8398.190422 9429.422381 10218.19612 11875.22148 12654.05133 15601.04238 16886.34583 20346.32260 27227.49856 30844.72390 45500.56607 52078.61344 117829.9278
