    unsorted:	 0.08071392053 0.07874052459 0.07419239579 0.07206479386 0.04749381096 20.09628690 55.51734134 129.4203591 119.5752879 170.8486195 279.4890021 548.8843906 441.6973021 631.1173665 753.2074822 815.2836589 1168.218364 1050.154638 1234.842897 1859.901220 1834.651897 2005.658869 2631.356032 2695.798580 3025.714630 3415.723232 3703.110457 4108.963054 4024.910126 3936.735631 4273.988840 4788.472419 4751.572743 4915.082684 5621.087280 5943.323518 6667.515611 7562.396014 7849.684660 8593.082241 9161.374240 9522.249904 10280.21415 12189.62284 13665.74679 15724.09952 18624.32827 20856.48077 28632.87871 32440.46116 34023.28129 45505.09727 60889.95137 146882.0434 1411951.342
      sorted:	 0.04749381096 0.07206479386 0.07419239579 0.07874052459 0.08071392053 20.09628690 55.51734134 119.5752879 129.4203591 170.8486195 279.4890021 441.6973021 548.8843906 631.1173665 753.2074822 815.2836589 1050.154638 1168.218364 1234.842897 1834.651897 1859.901220 2005.658869 2631.356032 2695.798580 3025.714630 3415.723232 3703.110457 3936.735631 4024.910126 4108.963054 4273.988840 4751.572743 4788.472419 4915.082684 5621.087280 5943.323518 6667.515611 7562.396014 7849.684660 8593.082241 9161.374240 9522.249904 10280.21415 12189.62284 13665.74679 15724.09952 18624.32827 20856.48077 28632.87871 32440.46116 34023.28129 45505.09727 60889.95137 146882.0434 1411951.342
