    unsorted:	 0.004696524963 0.08088593744 0.08445444301 0.07071835237 0.02757710575 0.4782784866 4.711313705 25.00604278 111.7704649 183.6710600 178.7784895 265.8150604 795.1488275 746.6955431 848.0456843 876.7887762 996.7825677 1086.149224 1056.684212 1158.894124 1231.568336 1267.793157 1280.059992 577.2083511 1454.821766 1540.395200 1600.076739 1689.662708 1715.729925 1844.570837 1928.867059 2274.779772 2503.293578 2561.729701 2640.633286 2908.062673 3068.267945 3425.459962 3811.105251 4110.364745 4391.961080 4703.520253 4769.039735 5670.116535 5983.682248 6561.921347 7369.172560 8654.794574 10515.76722 11866.23127 14470.58753 14810.35283 17985.95964 28315.45678 32189.88036 36786.97548 40896.76213 47278.36710
      sorted:	 0.004696524963 0.02757710575 0.07071835237 0.08088593744 0.08445444301 0.4782784866 4.711313705 25.00604278 111.7704649 178.7784895 183.6710600 265.8150604 577.2083511 746.6955431 795.1488275 848.0456843 876.7887762 996.7825677 1056.684212 1086.149224 1158.894124 1231.568336 1267.793157 1280.059992 1454.821766 1540.395200 1600.076739 1689.662708 1715.729925 1844.570837 1928.867059 2274.779772 2503.293578 2561.729701 2640.633286 2908.062673 3068.267945 3425.459962 3811.105251 4110.364745 4391.961080 4703.520253 4769.039735 5670.116535 5983.682248 6561.921347 7369.172560 8654.794574 10515.76722 11866.23127 14470.58753 14810.35283 17985.95964 28315.45678 32189.88036 36786.97548 40896.76213 47278.36710
