    unsorted:	 0.004088957179 0.07345398743 0.07754013271 0.08598869796 0.01955591392 0.8670822778 11.44316439 13.42084357 34.73023858 212.4613890 224.9746800 313.2315526 526.6919855 686.6265524 749.0705486 818.7470061 840.0460788 1106.466869 1123.842901 1144.389105 1031.239657 1308.710834 1502.314321 1470.772172 1525.364629 1395.347250 1564.879729 1679.021487 1820.623485 1954.852447 2031.709726 2215.147849 2380.022198 2507.803243 2840.276437 2808.644407 2865.035118 3123.409667 3639.847682 3976.470909 4306.995412 4762.559662 5400.177770 5699.375234 5859.891941 6364.636494 8290.628482 10093.08967 10681.19045 11824.11866 14461.03587 15289.38938 18234.00336 27032.15049 31557.34675 35466.52215 40890.24217 47675.47214
      sorted:	 0.004088957179 0.01955591392 0.07345398743 0.07754013271 0.08598869796 0.8670822778 11.44316439 13.42084357 34.73023858 212.4613890 224.9746800 313.2315526 526.6919855 686.6265524 749.0705486 818.7470061 840.0460788 1031.239657 1106.466869 1123.842901 1144.389105 1308.710834 1395.347250 1470.772172 1502.314321 1525.364629 1564.879729 1679.021487 1820.623485 1954.852447 2031.709726 2215.147849 2380.022198 2507.803243 2808.644407 2840.276437 2865.035118 3123.409667 3639.847682 3976.470909 4306.995412 4762.559662 5400.177770 5699.375234 5859.891941 6364.636494 8290.628482 10093.08967 10681.19045 11824.11866 14461.03587 15289.38938 18234.00336 27032.15049 31557.34675 35466.52215 40890.24217 47675.47214
