    unsorted:	 0.07762491256 0.07761276072 0.07564242278 0.07079218127 0.06991595028 11.07155251 26.96206937 181.1433957 190.7351297 142.1824551 515.8486564 624.7422485 1292.573589 1242.538619 1758.368883 1555.785085 2039.946116 2721.536117 2780.180651 2931.764162 3312.863311 3549.190780 4199.961579 4252.056060 4462.891903 5156.558251 5377.533317 5593.215637 6002.713190 6264.537919 6952.460501 7296.845042 7562.548160 8207.870773 8663.067477 8725.931853 8868.176058 9621.926018 10805.08156 12764.37450 13041.58887 13797.62124 14360.68501 15210.74800 15764.12818 17158.73855 20096.46838 24470.43208 28941.68065 35436.88940 41005.67036 43307.70539 53910.80446 127957.6136 534575.1062
      sorted:	 0.06991595028 0.07079218127 0.07564242278 0.07761276072 0.07762491256 11.07155251 26.96206937 142.1824551 181.1433957 190.7351297 515.8486564 624.7422485 1242.538619 1292.573589 1555.785085 1758.368883 2039.946116 2721.536117 2780.180651 2931.764162 3312.863311 3549.190780 4199.961579 4252.056060 4462.891903 5156.558251 5377.533317 5593.215637 6002.713190 6264.537919 6952.460501 7296.845042 7562.548160 8207.870773 8663.067477 8725.931853 8868.176058 9621.926018 10805.08156 12764.37450 13041.58887 13797.62124 14360.68501 15210.74800 15764.12818 17158.73855 20096.46838 24470.43208 28941.68065 35436.88940 41005.67036 43307.70539 53910.80446 127957.6136 534575.1062
