    unsorted:	 0.08038847246 0.07698674741 0.07374635974 0.06220997532 0.03018686452 0.007251982636 8.416389129 12.83993846 22.58045447 89.74005694 147.7083705 254.7576286 639.6006891 568.0194570 746.0679003 844.7658915 1289.024446 1747.282928 2054.691860 2892.405480 2832.846960 2539.433056 3252.283382 3740.938492 4207.195050 4307.485902 4495.873808 5138.152157 5358.034468 5682.215392 6299.723036 6441.202559 6762.997377 7418.497736 7769.764415 8139.509887 8737.519439 9175.967759 8985.661097 10087.65425 11084.66308 11743.52371 13556.76889 14462.41111 14837.99025 15876.05973 16717.00932 17918.11244 20646.78798 24919.77283 30361.44833 34734.02265 38177.78297 41008.53574 44590.41298 55376.99452 136449.6392 575025.1267
      sorted:	 0.007251982636 0.03018686452 0.06220997532 0.07374635974 0.07698674741 0.08038847246 8.416389129 12.83993846 22.58045447 89.74005694 147.7083705 254.7576286 568.0194570 639.6006891 746.0679003 844.7658915 1289.024446 1747.282928 2054.691860 2539.433056 2832.846960 2892.405480 3252.283382 3740.938492 4207.195050 4307.485902 4495.873808 5138.152157 5358.034468 5682.215392 6299.723036 6441.202559 6762.997377 7418.497736 7769.764415 8139.509887 8737.519439 8985.661097 9175.967759 10087.65425 11084.66308 11743.52371 13556.76889 14462.41111 14837.99025 15876.05973 16717.00932 17918.11244 20646.78798 24919.77283 30361.44833 34734.02265 38177.78297 41008.53574 44590.41298 55376.99452 136449.6392 575025.1267
