    unsorted:	 0.08016229558 0.08800379005 0.09973303671 518.9578814 515.8361534 551.8411299 491.7224197 591.9395592 632.9649923 669.1055270 715.1470018 760.8716123 410.5131952 819.4020078 905.3048708 220.5958763 254.3207125 158.6355680 5.613467225 77.63136697 949.3164130 1017.970677 1061.799234 1097.414171 1167.621782 1346.271591 1588.990951 1681.193010 1965.996872 2130.339953 2290.920399 2637.913921 3066.384739 3546.483999 4308.730278 5705.198353 5927.901155 6602.962095 6974.796596 8157.942601 9495.798275 10814.39313 16508.02683 19354.14818 20597.25559 25965.91522 47133.97586 61260.50148 78228.22575 17428960.64 15467536.90
      sorted:	 0.08016229558 0.08800379005 0.09973303671 5.613467225 77.63136697 158.6355680 220.5958763 254.3207125 410.5131952 491.7224197 515.8361534 518.9578814 551.8411299 591.9395592 632.9649923 669.1055270 715.1470018 760.8716123 819.4020078 905.3048708 949.3164130 1017.970677 1061.799234 1097.414171 1167.621782 1346.271591 1588.990951 1681.193010 1965.996872 2130.339953 2290.920399 2637.913921 3066.384739 3546.483999 4308.730278 5705.198353 5927.901155 6602.962095 6974.796596 8157.942601 9495.798275 10814.39313 16508.02683 19354.14818 20597.25559 25965.91522 47133.97586 61260.50148 78228.22575 15467536.90 17428960.64
