    unsorted:	 0.004573814953 0.01163305151 0.08015742989 0.08780954012 0.08413222469 0.05619883794 0.5860513559 2.129792409 8.561465137 503.8008364 520.3883394 493.7079631 548.9746271 581.4954505 599.9703831 610.1120715 645.5980547 418.5529246 711.2305829 213.7652759 217.2555042 786.6806619 844.1894319 892.3163966 1029.930395 1045.423793 1229.763255 1333.546071 1402.007318 1602.387891 1846.956857 2024.978886 2083.107086 2336.168758 2614.474779 3103.746564 4113.589833 4535.847397 4835.408627 5046.405762 5926.878578 6325.565148 7092.915607 7783.239491 9143.766396 9500.998516 11741.73799 15896.41813 17608.45724 22440.10648 28900.92002 34229.85064 43826.82252 67023.51938 85965.17970 143506.5683
      sorted:	 0.004573814953 0.01163305151 0.05619883794 0.08015742989 0.08413222469 0.08780954012 0.5860513559 2.129792409 8.561465137 213.7652759 217.2555042 418.5529246 493.7079631 503.8008364 520.3883394 548.9746271 581.4954505 599.9703831 610.1120715 645.5980547 711.2305829 786.6806619 844.1894319 892.3163966 1029.930395 1045.423793 1229.763255 1333.546071 1402.007318 1602.387891 1846.956857 2024.978886 2083.107086 2336.168758 2614.474779 3103.746564 4113.589833 4535.847397 4835.408627 5046.405762 5926.878578 6325.565148 7092.915607 7783.239491 9143.766396 9500.998516 11741.73799 15896.41813 17608.45724 22440.10648 28900.92002 34229.85064 43826.82252 67023.51938 85965.17970 143506.5683
