    unsorted:	 0.004695646702 0.005469728967 0.07738344634 0.04897787675 0.08782904251 0.3733972866 2.024144613 22.72863709 22.93080766 144.0146689 524.1027848 532.3821817 565.8544207 610.6346566 637.5664539 665.6908739 451.5105839 423.0378474 699.1382520 729.0919678 212.6237871 837.0730654 862.2965446 927.6079059 1033.717684 1092.382799 1150.550063 1307.181887 1401.988201 1457.466550 1500.857760 1741.949955 1970.992020 2208.119127 2444.968188 2820.873629 3010.788422 3832.275196 4347.129344 4812.557977 5296.038973 5640.263540 6149.829014 6920.963838 8098.458935 9647.793757 10145.24427 13459.06923 17346.75855 21079.94707 24018.15817 31704.20669 37582.98569 43832.70508 64870.40804 91518.43645
      sorted:	 0.004695646702 0.005469728967 0.04897787675 0.07738344634 0.08782904251 0.3733972866 2.024144613 22.72863709 22.93080766 144.0146689 212.6237871 423.0378474 451.5105839 524.1027848 532.3821817 565.8544207 610.6346566 637.5664539 665.6908739 699.1382520 729.0919678 837.0730654 862.2965446 927.6079059 1033.717684 1092.382799 1150.550063 1307.181887 1401.988201 1457.466550 1500.857760 1741.949955 1970.992020 2208.119127 2444.968188 2820.873629 3010.788422 3832.275196 4347.129344 4812.557977 5296.038973 5640.263540 6149.829014 6920.963838 8098.458935 9647.793757 10145.24427 13459.06923 17346.75855 21079.94707 24018.15817 31704.20669 37582.98569 43832.70508 64870.40804 91518.43645
