    unsorted:	 0.004647086825 0.01600911510 0.07766801191 0.07016342667 0.08458492885 0.1540525950 2.955130365 16.19061159 34.08952970 77.34347004 172.9715669 261.7241557 419.7378951 453.8814903 633.7144919 894.9457606 938.0696853 1002.118563 1010.591178 1065.187137 1390.230968 1324.629436 1444.533981 1696.595934 1655.144011 1937.848486 1988.022830 2066.004012 2212.957999 2254.773728 2597.078453 2643.262892 2859.170493 3284.470624 3428.770396 3762.423543 4144.428245 4351.725965 4600.293430 5487.696642 5713.602393 6538.415972 6780.317961 8082.785190 8254.700909 10617.73520 11771.82586 14237.91798 19139.97724 22935.11182 27304.99963 33250.38709 40157.62614 45456.16315 76790.88801
      sorted:	 0.004647086825 0.01600911510 0.07016342667 0.07766801191 0.08458492885 0.1540525950 2.955130365 16.19061159 34.08952970 77.34347004 172.9715669 261.7241557 419.7378951 453.8814903 633.7144919 894.9457606 938.0696853 1002.118563 1010.591178 1065.187137 1324.629436 1390.230968 1444.533981 1655.144011 1696.595934 1937.848486 1988.022830 2066.004012 2212.957999 2254.773728 2597.078453 2643.262892 2859.170493 3284.470624 3428.770396 3762.423543 4144.428245 4351.725965 4600.293430 5487.696642 5713.602393 6538.415972 6780.317961 8082.785190 8254.700909 10617.73520 11771.82586 14237.91798 19139.97724 22935.11182 27304.99963 33250.38709 40157.62614 45456.16315 76790.88801
