    unsorted:	 0.004656457190 0.08031522983 0.06863410303 0.08383909750 0.02797475207 0.5184583844 13.80244157 32.92136449 68.28760328 159.7478212 156.9704050 293.3649034 494.1182461 453.2477834 791.6231565 891.1124619 942.0442018 982.0172656 988.8048482 1054.640335 1350.111714 1437.417755 1514.518914 1634.842901 1999.018710 1835.663410 2046.033886 2227.164966 2267.077258 2377.595524 2565.514108 2889.236044 3458.875867 3363.212433 3579.606947 3804.543892 3902.376806 4345.378023 4953.956331 5590.692515 5994.480249 6810.207899 7188.116090 7966.397817 8584.694230 10378.70953 13237.07644 14075.59398 19557.69663 22913.41613 29031.22958 34694.67137 41011.56081 45462.36280 75537.55923
      sorted:	 0.004656457190 0.02797475207 0.06863410303 0.08031522983 0.08383909750 0.5184583844 13.80244157 32.92136449 68.28760328 156.9704050 159.7478212 293.3649034 453.2477834 494.1182461 791.6231565 891.1124619 942.0442018 982.0172656 988.8048482 1054.640335 1350.111714 1437.417755 1514.518914 1634.842901 1835.663410 1999.018710 2046.033886 2227.164966 2267.077258 2377.595524 2565.514108 2889.236044 3363.212433 3458.875867 3579.606947 3804.543892 3902.376806 4345.378023 4953.956331 5590.692515 5994.480249 6810.207899 7188.116090 7966.397817 8584.694230 10378.70953 13237.07644 14075.59398 19557.69663 22913.41613 29031.22958 34694.67137 41011.56081 45462.36280 75537.55923
