    unsorted:	 0.07912073465 0.07906198743 0.07288418571 0.07060663252 0.004807246022 0.03009489901 0.6210384798 0.4889365169 6.431748182 118.3514745 149.8339888 247.2592246 435.1843855 559.1842668 585.3709179 706.1961129 724.5797983 1211.124499 1279.251201 1307.498855 1365.738722 1939.549809 2054.165170 2729.350211 2510.581637 2834.942747 3111.712140 3340.359566 3417.129902 3690.645186 4026.328268 4005.093955 3937.314261 4238.611545 4717.153439 4792.400790 4896.295047 5610.273547 5722.931153 6257.398669 6613.626649 7514.260961 8021.748842 8613.151657 9075.915390 9758.754461 11598.00383 12234.63494 12807.69759 16341.13386 17223.19856 21586.63507 29563.80600 32070.43825 42378.93433 65165.17148 150034.5257
      sorted:	 0.004807246022 0.03009489901 0.07060663252 0.07288418571 0.07906198743 0.07912073465 0.4889365169 0.6210384798 6.431748182 118.3514745 149.8339888 247.2592246 435.1843855 559.1842668 585.3709179 706.1961129 724.5797983 1211.124499 1279.251201 1307.498855 1365.738722 1939.549809 2054.165170 2510.581637 2729.350211 2834.942747 3111.712140 3340.359566 3417.129902 3690.645186 3937.314261 4005.093955 4026.328268 4238.611545 4717.153439 4792.400790 4896.295047 5610.273547 5722.931153 6257.398669 6613.626649 7514.260961 8021.748842 8613.151657 9075.915390 9758.754461 11598.00383 12234.63494 12807.69759 16341.13386 17223.19856 21586.63507 29563.80600 32070.43825 42378.93433 65165.17148 150034.5257
