    unsorted:	 0.07137344121 0.07337795108 0.08073677879 0.07841770880 0.05357163015 0.1729358876 42.54107870 141.1603498 121.4275192 123.0457373 214.6576473 396.0012697 434.5637234 599.3220888 631.5211477 812.3777386 1017.150859 1195.608332 1199.899627 1256.344647 2024.304562 1922.792651 2206.864302 2678.110984 2726.453640 3036.516135 3211.058747 3441.156733 3388.309924 3790.493349 4013.830340 4071.433331 4167.742717 4332.420347 4835.493999 4904.919702 5008.148471 5740.571602 5893.047046 6456.409988 6779.588913 7887.856469 8163.808399 8858.957647 9823.982754 10045.88580 11558.06794 12502.69671 13652.29727 16711.69426 18783.85285 22162.27471 30940.03827 34458.75562 42382.78825 71650.12725 171179.1965
      sorted:	 0.05357163015 0.07137344121 0.07337795108 0.07841770880 0.08073677879 0.1729358876 42.54107870 121.4275192 123.0457373 141.1603498 214.6576473 396.0012697 434.5637234 599.3220888 631.5211477 812.3777386 1017.150859 1195.608332 1199.899627 1256.344647 1922.792651 2024.304562 2206.864302 2678.110984 2726.453640 3036.516135 3211.058747 3388.309924 3441.156733 3790.493349 4013.830340 4071.433331 4167.742717 4332.420347 4835.493999 4904.919702 5008.148471 5740.571602 5893.047046 6456.409988 6779.588913 7887.856469 8163.808399 8858.957647 9823.982754 10045.88580 11558.06794 12502.69671 13652.29727 16711.69426 18783.85285 22162.27471 30940.03827 34458.75562 42382.78825 71650.12725 171179.1965
