    unsorted:	 0.004670877743 0.005682480279 0.07697351591 0.07653763814 0.08920418473 0.3095039807 0.4266216559 4.639664249 21.59315826 583.6798708 604.5856627 556.4606909 537.2661447 507.6900571 477.0658993 463.9654364 654.8124560 692.2744705 707.0782855 741.3373078 813.6300768 846.6541458 236.4825296 157.8950184 957.8400616 1119.330123 1211.311922 1268.314684 1284.834349 1405.699104 1534.840945 1632.498696 1770.245769 2178.957430 2410.345692 2576.702634 3095.669930 4273.310627 4828.480016 5032.177463 5124.571957 5495.941296 5614.727396 5937.639932 7698.410237 8446.108590 12229.56277 13385.14211 14963.25824 16053.33704 19154.78306 22061.27078 29778.59267 35721.55305 40899.77992 61853.79340 83135.98842 155961.5541
      sorted:	 0.004670877743 0.005682480279 0.07653763814 0.07697351591 0.08920418473 0.3095039807 0.4266216559 4.639664249 21.59315826 157.8950184 236.4825296 463.9654364 477.0658993 507.6900571 537.2661447 556.4606909 583.6798708 604.5856627 654.8124560 692.2744705 707.0782855 741.3373078 813.6300768 846.6541458 957.8400616 1119.330123 1211.311922 1268.314684 1284.834349 1405.699104 1534.840945 1632.498696 1770.245769 2178.957430 2410.345692 2576.702634 3095.669930 4273.310627 4828.480016 5032.177463 5124.571957 5495.941296 5614.727396 5937.639932 7698.410237 8446.108590 12229.56277 13385.14211 14963.25824 16053.33704 19154.78306 22061.27078 29778.59267 35721.55305 40899.77992 61853.79340 83135.98842 155961.5541
