    unsorted:	 0.004570180327 0.01173584114 0.08045458138 0.08788072645 0.04378718088 0.09404791127 0.5921355796 2.163120331 8.278403724 583.2397057 575.4766795 546.8615147 613.1123171 520.0856239 492.1167842 476.7711646 658.5456394 679.1097818 387.2851255 741.3164475 245.1621253 224.6826416 811.2137356 841.9265126 978.5175799 1018.232066 1068.538097 1196.333663 1318.319998 1480.836056 1535.685009 1774.277723 1954.587210 2165.046337 2381.254324 2501.468199 3026.312697 4095.728676 4475.354058 4707.175290 4899.658776 5614.370799 5917.347007 6447.319826 7119.795920 8189.471012 9663.411125 11310.35694 13396.35518 15737.54805 17069.66260 22559.87863 29104.91430 36139.93295 40899.43796 65887.51219 83149.83639 174628.3021
      sorted:	 0.004570180327 0.01173584114 0.04378718088 0.08045458138 0.08788072645 0.09404791127 0.5921355796 2.163120331 8.278403724 224.6826416 245.1621253 387.2851255 476.7711646 492.1167842 520.0856239 546.8615147 575.4766795 583.2397057 613.1123171 658.5456394 679.1097818 741.3164475 811.2137356 841.9265126 978.5175799 1018.232066 1068.538097 1196.333663 1318.319998 1480.836056 1535.685009 1774.277723 1954.587210 2165.046337 2381.254324 2501.468199 3026.312697 4095.728676 4475.354058 4707.175290 4899.658776 5614.370799 5917.347007 6447.319826 7119.795920 8189.471012 9663.411125 11310.35694 13396.35518 15737.54805 17069.66260 22559.87863 29104.91430 36139.93295 40899.43796 65887.51219 83149.83639 174628.3021
