    unsorted:	 0.004672395688 0.08062549422 0.07028616071 0.08458479639 0.02741115390 0.4627905792 4.214997388 26.83690410 103.2740265 177.0023648 269.9723700 253.4961133 442.4691962 537.6741327 837.2845085 836.1277598 887.1151994 938.6570090 1237.565807 1252.626119 1201.836187 1119.903107 1371.592919 1384.549664 1459.274048 1685.660592 1782.412738 1796.999639 1961.148080 2082.265427 2252.622459 2555.194930 2753.308512 2935.930166 2964.934007 3366.399983 3580.193396 3672.998331 3940.134829 4464.446205 4719.854166 4941.400789 6294.221574 6446.854604 7231.739935 7463.989789 9344.521054 9940.337650 12750.14714 13661.85768 16921.92096 19822.74117 28614.47736 33169.90113 38635.23013 42330.11819 59234.06365
      sorted:	 0.004672395688 0.02741115390 0.07028616071 0.08062549422 0.08458479639 0.4627905792 4.214997388 26.83690410 103.2740265 177.0023648 253.4961133 269.9723700 442.4691962 537.6741327 836.1277598 837.2845085 887.1151994 938.6570090 1119.903107 1201.836187 1237.565807 1252.626119 1371.592919 1384.549664 1459.274048 1685.660592 1782.412738 1796.999639 1961.148080 2082.265427 2252.622459 2555.194930 2753.308512 2935.930166 2964.934007 3366.399983 3580.193396 3672.998331 3940.134829 4464.446205 4719.854166 4941.400789 6294.221574 6446.854604 7231.739935 7463.989789 9344.521054 9940.337650 12750.14714 13661.85768 16921.92096 19822.74117 28614.47736 33169.90113 38635.23013 42330.11819 59234.06365
