    unsorted:	 0.07146924576 0.07786332970 0.06379023080 0.08570561436 0.005446596781 0.001511897024 12.77992694 13.19012704 29.87782436 157.7461462 264.8468289 350.7569727 444.7806280 484.8665122 665.4635828 848.8223040 895.9060670 947.5557515 1267.950950 1300.924369 1325.465619 1197.642642 1367.969068 1436.830666 1522.471364 1658.648990 1746.881994 1770.198214 1965.411715 2109.520782 2328.151776 2561.318826 2535.361907 2745.985292 2871.877134 2982.977735 3327.232637 3605.420625 3954.447313 4291.268758 4758.132428 5420.137532 5906.112787 6567.756503 7231.903130 8175.686090 9140.167614 10337.68438 12139.96368 13561.46885 17132.89941 20138.08163 27070.89417 32426.97759 37983.90822 42323.97678 63356.24796
      sorted:	 0.001511897024 0.005446596781 0.06379023080 0.07146924576 0.07786332970 0.08570561436 12.77992694 13.19012704 29.87782436 157.7461462 264.8468289 350.7569727 444.7806280 484.8665122 665.4635828 848.8223040 895.9060670 947.5557515 1197.642642 1267.950950 1300.924369 1325.465619 1367.969068 1436.830666 1522.471364 1658.648990 1746.881994 1770.198214 1965.411715 2109.520782 2328.151776 2535.361907 2561.318826 2745.985292 2871.877134 2982.977735 3327.232637 3605.420625 3954.447313 4291.268758 4758.132428 5420.137532 5906.112787 6567.756503 7231.903130 8175.686090 9140.167614 10337.68438 12139.96368 13561.46885 17132.89941 20138.08163 27070.89417 32426.97759 37983.90822 42323.97678 63356.24796
