    unsorted:	 0.06923660879 0.06957810229 0.06692151075 0.07821618212 0.07945948404 0.1460467213 34.24766650 143.0102103 154.7811349 108.6583439 495.5529887 540.2652616 631.2037377 817.1084221 1276.103406 1241.380120 1945.515013 2333.759614 2721.993126 2861.274647 3089.153671 3278.603068 3667.103811 4151.541946 4509.992575 5306.452097 5391.552164 5620.003228 6228.668508 6424.562176 7359.018881 7639.890444 7906.176354 8054.585963 8776.853297 9240.782410 9356.207986 10084.80854 11268.17293 11872.64814 13794.97573 14831.13837 15486.43911 16480.84016 17014.49396 19520.64357 23229.61794 29207.83925 32502.96022 42418.77312 43662.46342 53332.74628 130432.2657 733326.5086
      sorted:	 0.06692151075 0.06923660879 0.06957810229 0.07821618212 0.07945948404 0.1460467213 34.24766650 108.6583439 143.0102103 154.7811349 495.5529887 540.2652616 631.2037377 817.1084221 1241.380120 1276.103406 1945.515013 2333.759614 2721.993126 2861.274647 3089.153671 3278.603068 3667.103811 4151.541946 4509.992575 5306.452097 5391.552164 5620.003228 6228.668508 6424.562176 7359.018881 7639.890444 7906.176354 8054.585963 8776.853297 9240.782410 9356.207986 10084.80854 11268.17293 11872.64814 13794.97573 14831.13837 15486.43911 16480.84016 17014.49396 19520.64357 23229.61794 29207.83925 32502.96022 42418.77312 43662.46342 53332.74628 130432.2657 733326.5086
