    unsorted:	 0.08058238874 0.07106736755 0.07205833966 0.07850044138 0.04778504008 0.1305631007 13.63860687 18.34793523 77.50190314 139.2459890 104.5652894 157.7416743 456.0184446 599.6885349 774.0790039 736.3422420 1006.985082 1185.263474 1457.064717 1573.088793 2413.412378 2476.508289 2239.785330 3024.303737 3385.889648 3301.386038 3661.671583 3842.629948 3888.770614 4029.751471 4781.112621 5151.325617 5341.465708 5582.898259 5800.629159 6225.397706 6392.603614 7180.912919 7250.768933 7639.614908 8653.638966 9010.418068 11466.08793 10729.75586 11574.75266 12061.66962 13212.38289 15243.88344 15908.34619 19329.74657 22139.82285 27723.09869 35914.81959 42403.86715 41537.94724 101213.6104 409410.9132
      sorted:	 0.04778504008 0.07106736755 0.07205833966 0.07850044138 0.08058238874 0.1305631007 13.63860687 18.34793523 77.50190314 104.5652894 139.2459890 157.7416743 456.0184446 599.6885349 736.3422420 774.0790039 1006.985082 1185.263474 1457.064717 1573.088793 2239.785330 2413.412378 2476.508289 3024.303737 3301.386038 3385.889648 3661.671583 3842.629948 3888.770614 4029.751471 4781.112621 5151.325617 5341.465708 5582.898259 5800.629159 6225.397706 6392.603614 7180.912919 7250.768933 7639.614908 8653.638966 9010.418068 10729.75586 11466.08793 11574.75266 12061.66962 13212.38289 15243.88344 15908.34619 19329.74657 22139.82285 27723.09869 35914.81959 41537.94724 42403.86715 101213.6104 409410.9132
