    unsorted:	 0.004648483800 0.01640849100 0.07770374999 0.07135015634 0.08566350792 0.1462112081 3.796948011 13.81527820 28.61838473 434.8909635 129.2010960 444.6037315 394.4363217 264.6340739 639.2580821 895.1282720 937.6684252 1001.946508 1371.246869 1419.872019 1443.601322 1283.935263 1211.347056 1553.336438 1668.304747 1661.012530 1890.336687 1954.759420 2165.877403 2353.778109 2559.020149 2647.800627 2753.433597 2806.011055 3106.999728 3369.854986 3702.880133 4059.395501 4297.620754 4400.347310 5365.772660 5471.681666 6248.299887 7351.933748 8115.469594 8474.009970 10127.45142 11100.50121 12637.05405 14417.17242 19029.74930 22428.76215 27751.03534 33223.02515 40051.39904 42338.63184 70742.21109
      sorted:	 0.004648483800 0.01640849100 0.07135015634 0.07770374999 0.08566350792 0.1462112081 3.796948011 13.81527820 28.61838473 129.2010960 264.6340739 394.4363217 434.8909635 444.6037315 639.2580821 895.1282720 937.6684252 1001.946508 1211.347056 1283.935263 1371.246869 1419.872019 1443.601322 1553.336438 1661.012530 1668.304747 1890.336687 1954.759420 2165.877403 2353.778109 2559.020149 2647.800627 2753.433597 2806.011055 3106.999728 3369.854986 3702.880133 4059.395501 4297.620754 4400.347310 5365.772660 5471.681666 6248.299887 7351.933748 8115.469594 8474.009970 10127.45142 11100.50121 12637.05405 14417.17242 19029.74930 22428.76215 27751.03534 33223.02515 40051.39904 42338.63184 70742.21109
