    unsorted:	 0.004682631417 0.02729413348 0.07020748270 0.08042328768 0.08453948033 0.4837587626 3.874720919 26.23123097 76.95421605 165.8765246 269.2540890 292.8207607 509.8487019 441.4162544 806.4719407 882.5371868 935.6822525 980.5498877 1183.708976 1169.161172 1296.611157 1355.000395 1471.329153 1497.007288 1591.143350 1707.620340 1935.292911 1976.763014 2158.860381 2300.004341 2503.931063 2795.516609 2931.076857 3206.199727 3333.127102 3594.170867 3753.141582 4051.454259 4292.426961 4592.180376 4946.778722 5445.407659 6660.939102 7160.827269 7635.048941 8126.480945 10440.78961 10602.07410 13614.61666 14146.67670 18883.19019 22127.63887 29423.77924 34106.15026 40434.84393 42344.46608 66375.50037
      sorted:	 0.004682631417 0.02729413348 0.07020748270 0.08042328768 0.08453948033 0.4837587626 3.874720919 26.23123097 76.95421605 165.8765246 269.2540890 292.8207607 441.4162544 509.8487019 806.4719407 882.5371868 935.6822525 980.5498877 1169.161172 1183.708976 1296.611157 1355.000395 1471.329153 1497.007288 1591.143350 1707.620340 1935.292911 1976.763014 2158.860381 2300.004341 2503.931063 2795.516609 2931.076857 3206.199727 3333.127102 3594.170867 3753.141582 4051.454259 4292.426961 4592.180376 4946.778722 5445.407659 6660.939102 7160.827269 7635.048941 8126.480945 10440.78961 10602.07410 13614.61666 14146.67670 18883.19019 22127.63887 29423.77924 34106.15026 40434.84393 42344.46608 66375.50037
