    unsorted:	 0.004691004957 0.08063904584 0.08423575620 0.07038500712 0.02742413045 0.4813623726 4.240733121 24.92751262 83.44029995 178.4238817 234.2194384 269.6002563 538.5880487 804.1010348 830.3720694 856.1849849 895.9130045 1196.891105 1245.946465 1117.711467 1106.329542 1278.096431 1362.226139 1433.633546 1634.135000 1781.078943 1734.370889 1809.080021 1948.139158 2074.552117 2182.603918 2565.333634 2763.215835 2914.182165 2994.282093 3302.069648 3460.282762 3676.144883 3884.805851 4478.571252 4750.285754 4984.738405 5541.770644 6601.535895 6486.991081 7340.748407 7650.028136 9798.797123 11567.86560 12994.61928 15604.92825 17575.87906 20167.62288 29793.19530 33477.36464 40890.13089 41559.39971 59062.30959
      sorted:	 0.004691004957 0.02742413045 0.07038500712 0.08063904584 0.08423575620 0.4813623726 4.240733121 24.92751262 83.44029995 178.4238817 234.2194384 269.6002563 538.5880487 804.1010348 830.3720694 856.1849849 895.9130045 1106.329542 1117.711467 1196.891105 1245.946465 1278.096431 1362.226139 1433.633546 1634.135000 1734.370889 1781.078943 1809.080021 1948.139158 2074.552117 2182.603918 2565.333634 2763.215835 2914.182165 2994.282093 3302.069648 3460.282762 3676.144883 3884.805851 4478.571252 4750.285754 4984.738405 5541.770644 6486.991081 6601.535895 7340.748407 7650.028136 9798.797123 11567.86560 12994.61928 15604.92825 17575.87906 20167.62288 29793.19530 33477.36464 40890.13089 41559.39971 59062.30959
