    unsorted:	 0.004176897383 0.07338043408 0.07728096799 0.01927430538 0.08597060941 0.9189205410 4.270712588 12.62295315 37.60878362 184.4047307 309.9082285 282.8147964 492.0895644 805.1248125 868.5020838 898.9815537 655.5302362 1239.422914 1218.589286 1260.574265 1135.667912 1438.330145 1436.907706 1465.128300 1648.223247 1693.195250 1702.554886 1890.186900 1999.940803 2097.861526 2273.763474 2485.265847 2627.059593 2770.560503 2896.524244 3149.226062 3253.309787 3506.215359 3978.180649 4335.365780 4693.911190 5418.428840 5655.937207 6024.790490 6642.100711 7192.912418 9548.400291 11025.53653 11291.93213 12698.63476 15089.04885 17945.31037 20200.52254 28080.34674 32485.11008 39693.00189 40916.80402 59848.97055
      sorted:	 0.004176897383 0.01927430538 0.07338043408 0.07728096799 0.08597060941 0.9189205410 4.270712588 12.62295315 37.60878362 184.4047307 282.8147964 309.9082285 492.0895644 655.5302362 805.1248125 868.5020838 898.9815537 1135.667912 1218.589286 1239.422914 1260.574265 1436.907706 1438.330145 1465.128300 1648.223247 1693.195250 1702.554886 1890.186900 1999.940803 2097.861526 2273.763474 2485.265847 2627.059593 2770.560503 2896.524244 3149.226062 3253.309787 3506.215359 3978.180649 4335.365780 4693.911190 5418.428840 5655.937207 6024.790490 6642.100711 7192.912418 9548.400291 11025.53653 11291.93213 12698.63476 15089.04885 17945.31037 20200.52254 28080.34674 32485.11008 39693.00189 40916.80402 59848.97055
