    unsorted:	 0.004692451113 0.08078073908 0.08440465254 0.07069351933 0.02757892524 0.4794083940 4.613823332 24.95062933 126.8820160 182.2929333 171.1120446 265.8809226 434.9257556 877.3850143 886.2507566 828.0838768 781.5825286 570.0875077 1048.578945 1041.158492 1127.475307 1259.819018 1270.005713 1213.471448 1320.992760 1576.583029 1632.389199 1659.446604 1729.146323 1760.525352 1929.416710 2251.926343 2364.009039 2611.114588 2550.163879 2683.910724 3086.493456 3418.031069 3646.638616 3838.513233 4179.487894 4398.864082 4693.889207 5666.941387 5998.731547 6585.275022 7325.807543 8660.800682 9425.670446 11848.50958 13853.25428 14769.38152 17887.64244 27855.13074 32320.42692 36347.48207 40909.77841 50358.05436
      sorted:	 0.004692451113 0.02757892524 0.07069351933 0.08078073908 0.08440465254 0.4794083940 4.613823332 24.95062933 126.8820160 171.1120446 182.2929333 265.8809226 434.9257556 570.0875077 781.5825286 828.0838768 877.3850143 886.2507566 1041.158492 1048.578945 1127.475307 1213.471448 1259.819018 1270.005713 1320.992760 1576.583029 1632.389199 1659.446604 1729.146323 1760.525352 1929.416710 2251.926343 2364.009039 2550.163879 2611.114588 2683.910724 3086.493456 3418.031069 3646.638616 3838.513233 4179.487894 4398.864082 4693.889207 5666.941387 5998.731547 6585.275022 7325.807543 8660.800682 9425.670446 11848.50958 13853.25428 14769.38152 17887.64244 27855.13074 32320.42692 36347.48207 40909.77841 50358.05436
