    unsorted:	 0.004170688373 0.01968984397 0.07315359144 0.07815266540 0.08548821468 0.9162877672 11.75182892 24.69841552 33.35052732 163.9512037 244.9568751 295.6168447 437.6415955 513.6510098 789.5223389 695.8026011 849.0020771 883.7667612 1155.897388 1206.999718 1217.642928 1086.584659 1306.910309 1373.056539 1608.657233 1595.510415 1554.637767 1687.656972 1755.481965 1860.360526 1996.834374 2229.171732 2348.401249 2404.759542 2608.396882 2770.191222 2831.516232 3107.731900 3467.254226 3892.368128 4106.474409 4298.661083 5561.128791 5666.801508 6100.714085 6594.785427 8177.458838 9329.291016 9831.738018 11784.86310 14040.42449 15533.73964 18560.24347 26642.16123 31799.80714 35813.99284 40905.44149 53992.23051
      sorted:	 0.004170688373 0.01968984397 0.07315359144 0.07815266540 0.08548821468 0.9162877672 11.75182892 24.69841552 33.35052732 163.9512037 244.9568751 295.6168447 437.6415955 513.6510098 695.8026011 789.5223389 849.0020771 883.7667612 1086.584659 1155.897388 1206.999718 1217.642928 1306.910309 1373.056539 1554.637767 1595.510415 1608.657233 1687.656972 1755.481965 1860.360526 1996.834374 2229.171732 2348.401249 2404.759542 2608.396882 2770.191222 2831.516232 3107.731900 3467.254226 3892.368128 4106.474409 4298.661083 5561.128791 5666.801508 6100.714085 6594.785427 8177.458838 9329.291016 9831.738018 11784.86310 14040.42449 15533.73964 18560.24347 26642.16123 31799.80714 35813.99284 40905.44149 53992.23051
