    unsorted:	 0.004579344831 0.01153251368 0.03627111042 0.04085549273 0.08014463926 0.08773791760 0.5792230642 2.014898693 8.911761894 508.6801214 522.1433488 531.5424819 554.9796913 600.6179038 466.4210658 649.2209554 425.3098473 672.9350012 697.9934825 739.5273854 206.8736527 199.0773678 811.8377029 898.1576522 924.7264705 1076.489529 1113.880048 1263.984290 1428.960821 1509.339298 1757.654314 1950.781290 1979.119501 2135.571914 2464.825888 2669.513666 3330.688087 4527.363271 4877.800045 5090.039114 5910.316345 6193.199996 7088.463417 7971.096281 9457.189890 9636.233994 12560.40795 15212.89386 17552.65589 24601.65373 31558.09188 40891.76150 43837.34769 68785.07450 92391.16561 9843565.888
      sorted:	 0.004579344831 0.01153251368 0.03627111042 0.04085549273 0.08014463926 0.08773791760 0.5792230642 2.014898693 8.911761894 199.0773678 206.8736527 425.3098473 466.4210658 508.6801214 522.1433488 531.5424819 554.9796913 600.6179038 649.2209554 672.9350012 697.9934825 739.5273854 811.8377029 898.1576522 924.7264705 1076.489529 1113.880048 1263.984290 1428.960821 1509.339298 1757.654314 1950.781290 1979.119501 2135.571914 2464.825888 2669.513666 3330.688087 4527.363271 4877.800045 5090.039114 5910.316345 6193.199996 7088.463417 7971.096281 9457.189890 9636.233994 12560.40795 15212.89386 17552.65589 24601.65373 31558.09188 40891.76150 43837.34769 68785.07450 92391.16561 9843565.888
