    unsorted:	 0.004098677484 0.008968690509 0.07761378116 0.07021153271 0.08806716810 0.2697143006 1.489490132 1.893046864 21.87276048 158.5386407 503.9955211 522.0027879 554.6692187 589.9498725 618.1097767 632.6559462 646.8630444 453.6974495 421.6780820 699.6812967 224.2774923 795.5486499 825.6510404 875.6649459 1021.221243 1056.086564 1213.627726 1326.459939 1392.689332 1464.666380 1595.453681 1789.328190 1989.657043 2257.416991 2521.144123 3016.324698 4045.464428 4363.623934 4652.836003 4921.380374 5461.880297 5848.338218 6459.331941 7300.026595 8865.162620 9403.200245 11792.64884 15253.75151 17213.35794 21231.50525 28619.89333 36448.36509 43820.32346 62291.96179 84748.82686 94745.06454
      sorted:	 0.004098677484 0.008968690509 0.07021153271 0.07761378116 0.08806716810 0.2697143006 1.489490132 1.893046864 21.87276048 158.5386407 224.2774923 421.6780820 453.6974495 503.9955211 522.0027879 554.6692187 589.9498725 618.1097767 632.6559462 646.8630444 699.6812967 795.5486499 825.6510404 875.6649459 1021.221243 1056.086564 1213.627726 1326.459939 1392.689332 1464.666380 1595.453681 1789.328190 1989.657043 2257.416991 2521.144123 3016.324698 4045.464428 4363.623934 4652.836003 4921.380374 5461.880297 5848.338218 6459.331941 7300.026595 8865.162620 9403.200245 11792.64884 15253.75151 17213.35794 21231.50525 28619.89333 36448.36509 43820.32346 62291.96179 84748.82686 94745.06454
