    unsorted:	 0.004657990831 0.01656855446 0.07757073024 0.06700336984 0.08580667217 0.1398403645 0.1727523993 5.644483150 11.56594528 27.30022756 1152.100960 1160.994235 1116.140124 1044.417185 1323.600685 1362.454575 820.6094802 843.1975336 755.2267790 683.1886732 1503.034699 1544.768783 1571.896251 521.8474074 1704.901531 312.9172670 198.6831368 1873.108673 2006.873138 2068.081260 2253.640164 2409.778622 2542.922952 2835.722576 2850.559283 3033.656499 3175.869813 3729.749080 4039.948036 4341.920429 5150.897929 5224.033765 5668.925524 5918.156859 6328.845805 8551.267420 10548.62623 10937.60187 12531.09679 15476.28826 16068.71397 19421.42422 27548.27857 31850.40701 36985.69926 40890.48178 50368.36055 794889.9093
      sorted:	 0.004657990831 0.01656855446 0.06700336984 0.07757073024 0.08580667217 0.1398403645 0.1727523993 5.644483150 11.56594528 27.30022756 198.6831368 312.9172670 521.8474074 683.1886732 755.2267790 820.6094802 843.1975336 1044.417185 1116.140124 1152.100960 1160.994235 1323.600685 1362.454575 1503.034699 1544.768783 1571.896251 1704.901531 1873.108673 2006.873138 2068.081260 2253.640164 2409.778622 2542.922952 2835.722576 2850.559283 3033.656499 3175.869813 3729.749080 4039.948036 4341.920429 5150.897929 5224.033765 5668.925524 5918.156859 6328.845805 8551.267420 10548.62623 10937.60187 12531.09679 15476.28826 16068.71397 19421.42422 27548.27857 31850.40701 36985.69926 40890.48178 50368.36055 794889.9093
