    unsorted:	 0.004696594127 0.08098966213 0.08424365122 0.07071712013 0.02755505983 0.4773461737 4.716822370 22.40143837 94.22711385 148.0742119 183.5577711 265.5096651 867.7103021 850.8708686 797.8701061 749.3888144 1009.740661 1038.542243 1089.086307 1167.432900 1238.359634 1268.938647 1282.600534 575.4093925 1534.154551 1560.031650 1608.721229 1707.513507 1727.399586 1861.109261 1962.618403 2288.372797 2510.236371 2563.632983 2652.428020 3031.623591 3084.964540 3451.169591 3812.448370 4127.787891 4397.555725 4723.530485 5149.372671 5818.438538 6029.993114 6602.776627 7496.824202 8695.991997 11095.91010 11972.00456 14621.76812 15452.55847 18157.79433 28693.08630 32255.54765 37028.08736 40896.64391 47573.86983
      sorted:	 0.004696594127 0.02755505983 0.07071712013 0.08098966213 0.08424365122 0.4773461737 4.716822370 22.40143837 94.22711385 148.0742119 183.5577711 265.5096651 575.4093925 749.3888144 797.8701061 850.8708686 867.7103021 1009.740661 1038.542243 1089.086307 1167.432900 1238.359634 1268.938647 1282.600534 1534.154551 1560.031650 1608.721229 1707.513507 1727.399586 1861.109261 1962.618403 2288.372797 2510.236371 2563.632983 2652.428020 3031.623591 3084.964540 3451.169591 3812.448370 4127.787891 4397.555725 4723.530485 5149.372671 5818.438538 6029.993114 6602.776627 7496.824202 8695.991997 11095.91010 11972.00456 14621.76812 15452.55847 18157.79433 28693.08630 32255.54765 37028.08736 40896.64391 47573.86983
