    unsorted:	 0.06974629721 0.07009730474 0.06577147174 0.07839354660 0.07906058261 0.004514865768 0.2445744243 4.848640149 11.27881362 101.4506767 92.00915254 143.0100126 498.1114224 531.7776950 638.9353735 797.0354537 1036.496515 1144.383232 1154.095584 1813.404665 2104.785375 2629.084890 2732.252476 2977.614987 3248.804217 3399.280336 3867.824331 4281.235267 5023.592061 5281.533965 5772.162102 6041.716786 6686.675185 7058.962445 7121.337422 7414.641378 7624.572570 8222.200564 8748.976027 8803.679919 10665.09689 11458.87630 12738.14226 13966.79343 14780.74500 15186.73825 15927.80987 18185.79860 21616.37511 27832.98549 29438.51909 41306.61954 43926.14952 47575.73488 102329.9337 468485.1696
      sorted:	 0.004514865768 0.06577147174 0.06974629721 0.07009730474 0.07839354660 0.07906058261 0.2445744243 4.848640149 11.27881362 92.00915254 101.4506767 143.0100126 498.1114224 531.7776950 638.9353735 797.0354537 1036.496515 1144.383232 1154.095584 1813.404665 2104.785375 2629.084890 2732.252476 2977.614987 3248.804217 3399.280336 3867.824331 4281.235267 5023.592061 5281.533965 5772.162102 6041.716786 6686.675185 7058.962445 7121.337422 7414.641378 7624.572570 8222.200564 8748.976027 8803.679919 10665.09689 11458.87630 12738.14226 13966.79343 14780.74500 15186.73825 15927.80987 18185.79860 21616.37511 27832.98549 29438.51909 41306.61954 43926.14952 47575.73488 102329.9337 468485.1696
