    unsorted:	 0.07065007236 0.07026495594 0.08023585260 0.07867433811 0.02911169274 0.006254904223 1.629470562 5.511804671 12.24599911 88.37082317 149.0264739 228.9444130 531.9013394 578.3579361 734.2501447 881.9611596 993.5701834 1148.008304 1897.202898 2289.432227 2495.042681 2651.038265 3010.798996 3229.519413 3528.205626 3706.921541 4378.612200 4460.544067 5405.447507 5624.162091 6362.855616 6593.601979 7202.570311 7624.655607 7810.322173 7998.194582 8376.136921 9112.260563 9396.883763 10596.24597 11467.54082 12075.86457 13906.47938 15144.24291 16032.71584 16709.07079 17090.02978 19574.96424 23361.46467 30023.93325 32659.15873 43930.85571 44346.65571 54088.67180 124821.3040 696885.8540
      sorted:	 0.006254904223 0.02911169274 0.07026495594 0.07065007236 0.07867433811 0.08023585260 1.629470562 5.511804671 12.24599911 88.37082317 149.0264739 228.9444130 531.9013394 578.3579361 734.2501447 881.9611596 993.5701834 1148.008304 1897.202898 2289.432227 2495.042681 2651.038265 3010.798996 3229.519413 3528.205626 3706.921541 4378.612200 4460.544067 5405.447507 5624.162091 6362.855616 6593.601979 7202.570311 7624.655607 7810.322173 7998.194582 8376.136921 9112.260563 9396.883763 10596.24597 11467.54082 12075.86457 13906.47938 15144.24291 16032.71584 16709.07079 17090.02978 19574.96424 23361.46467 30023.93325 32659.15873 43930.85571 44346.65571 54088.67180 124821.3040 696885.8540
