    unsorted:	 0.004666112076 0.005710240421 0.07765052979 0.07228672129 0.08862680586 0.2819999483 0.4270586081 2.173038193 21.99252262 158.7007685 503.7667934 498.4984428 512.9438955 546.6939248 589.0354647 575.8405342 621.0111856 643.0192068 422.2020569 697.6483995 220.6915215 782.3996799 795.5621709 870.4644625 947.7116249 1019.925451 1151.215107 1257.962441 1402.199431 1456.672564 1584.990782 1659.976764 1855.804256 2310.121860 2510.304029 2691.373209 3126.104890 4160.449529 4820.963818 4880.266574 5194.313374 5528.362929 5903.406856 6650.570403 8025.951999 9636.799875 10732.34108 12302.82886 15746.55671 18121.17061 21800.75262 29732.23102 36756.90233 42320.10393 62251.88104 85280.62810 124878.6423
      sorted:	 0.004666112076 0.005710240421 0.07228672129 0.07765052979 0.08862680586 0.2819999483 0.4270586081 2.173038193 21.99252262 158.7007685 220.6915215 422.2020569 498.4984428 503.7667934 512.9438955 546.6939248 575.8405342 589.0354647 621.0111856 643.0192068 697.6483995 782.3996799 795.5621709 870.4644625 947.7116249 1019.925451 1151.215107 1257.962441 1402.199431 1456.672564 1584.990782 1659.976764 1855.804256 2310.121860 2510.304029 2691.373209 3126.104890 4160.449529 4820.963818 4880.266574 5194.313374 5528.362929 5903.406856 6650.570403 8025.951999 9636.799875 10732.34108 12302.82886 15746.55671 18121.17061 21800.75262 29732.23102 36756.90233 42320.10393 62251.88104 85280.62810 124878.6423
