    unsorted:	 0.008074395557 0.009418073267 0.005976797946 0.02163422523 0.04492428016 0.05440819609 2.834143640 7.453389704 506.0921744 500.2440346 547.2544557 573.4864125 576.8508934 601.3529277 638.9759210 443.5040516 390.0980636 697.5316722 773.2695918 770.3014632 290.5637285 238.0561949 223.3296057 861.7882280 934.9646028 1007.330794 1049.524875 1221.027756 1337.065312 1528.086581 1545.652188 1810.163818 2043.289738 2212.421706 2417.312674 2586.938135 2966.383601 3805.663248 4430.009909 4676.774316 4891.437913 -2606.388336 5837.004233 6126.745896 7046.527455 7965.579490 9032.916354 9658.352058 11262.83690 15379.00079 16991.76130 22117.04854 28419.73850 35290.86623 42321.12335 65825.45670 83748.17991
      sorted:	 -2606.388336 0.005976797946 0.008074395557 0.009418073267 0.02163422523 0.04492428016 0.05440819609 2.834143640 7.453389704 223.3296057 238.0561949 290.5637285 390.0980636 443.5040516 500.2440346 506.0921744 547.2544557 573.4864125 576.8508934 601.3529277 638.9759210 697.5316722 770.3014632 773.2695918 861.7882280 934.9646028 1007.330794 1049.524875 1221.027756 1337.065312 1528.086581 1545.652188 1810.163818 2043.289738 2212.421706 2417.312674 2586.938135 2966.383601 3805.663248 4430.009909 4676.774316 4891.437913 5837.004233 6126.745896 7046.527455 7965.579490 9032.916354 9658.352058 11262.83690 15379.00079 16991.76130 22117.04854 28419.73850 35290.86623 42321.12335 65825.45670 83748.17991
