    unsorted:	 0.004169254125 0.01975026855 0.05665196510 0.05857432409 0.07809948727 0.08576060988 0.9065356877 11.80843308 24.80163746 31.35695362 262.9716841 307.1098380 442.9000006 512.5607828 693.8155241 803.0739803 851.0057804 896.9169981 1170.931884 1229.609606 1118.956653 1299.290577 1336.320921 1390.211344 1604.032639 1578.778244 1671.446642 1784.715594 1900.783212 2110.903114 2321.144949 2346.848951 2595.266831 2663.868924 2822.673754 3006.687922 3207.772742 3613.055412 4110.688271 4293.831730 4896.642599 5730.926258 5625.021227 6408.296961 7646.576648 8543.790101 9390.990708 11589.37621 13765.43904 15255.15820 18945.15443 26278.46975 31865.16500 35407.89319 42308.42429 55918.40456 1652786.951
      sorted:	 0.004169254125 0.01975026855 0.05665196510 0.05857432409 0.07809948727 0.08576060988 0.9065356877 11.80843308 24.80163746 31.35695362 262.9716841 307.1098380 442.9000006 512.5607828 693.8155241 803.0739803 851.0057804 896.9169981 1118.956653 1170.931884 1229.609606 1299.290577 1336.320921 1390.211344 1578.778244 1604.032639 1671.446642 1784.715594 1900.783212 2110.903114 2321.144949 2346.848951 2595.266831 2663.868924 2822.673754 3006.687922 3207.772742 3613.055412 4110.688271 4293.831730 4896.642599 5625.021227 5730.926258 6408.296961 7646.576648 8543.790101 9390.990708 11589.37621 13765.43904 15255.15820 18945.15443 26278.46975 31865.16500 35407.89319 42308.42429 55918.40456 1652786.951
