    unsorted:	 0.004690379709 0.02760170489 0.08076475430 0.07071159683 0.08463508536 0.4795510592 4.612614486 27.15307086 131.7422874 183.9069690 205.2332886 267.1030130 439.0108507 571.3642097 788.0757272 833.8536108 879.7777412 896.3244646 1148.513823 1103.640738 1068.700452 1260.295396 1269.166885 1273.812148 1324.556430 1580.903170 1628.835038 1648.163317 1761.302401 1883.087799 2028.341904 2308.054990 2547.569434 2599.289273 2675.130060 3030.583820 3162.469383 3447.648616 3810.117769 4161.937367 4394.421235 4671.759206 5600.110233 5962.905515 6535.169807 7139.091861 8391.121857 8925.384698 11763.32936 13210.75336 14567.55995 17754.48856 27192.10283 32125.49569 35737.48198 42315.38208 50081.07897
      sorted:	 0.004690379709 0.02760170489 0.07071159683 0.08076475430 0.08463508536 0.4795510592 4.612614486 27.15307086 131.7422874 183.9069690 205.2332886 267.1030130 439.0108507 571.3642097 788.0757272 833.8536108 879.7777412 896.3244646 1068.700452 1103.640738 1148.513823 1260.295396 1269.166885 1273.812148 1324.556430 1580.903170 1628.835038 1648.163317 1761.302401 1883.087799 2028.341904 2308.054990 2547.569434 2599.289273 2675.130060 3030.583820 3162.469383 3447.648616 3810.117769 4161.937367 4394.421235 4671.759206 5600.110233 5962.905515 6535.169807 7139.091861 8391.121857 8925.384698 11763.32936 13210.75336 14567.55995 17754.48856 27192.10283 32125.49569 35737.48198 42315.38208 50081.07897
